4029.17 25.859 16.999 1.793 7.067
26.383 9.23 4.481 0.473 4.276
108.113 10.257 5.411 0.521 4.325
148.883 14.547 6.158 1.75 6.639
123.859 14.087 5.081 0.726 8.28
151.945 27.077 9.953 4.039 13.085
109.585 20.173 7.988 1.841 10.344
100.193 12.208 4.887 0.974 6.347
132.046 8.446 3.914 0.45 4.082
126.721 8.623 3.83 0.464 4.329
135.624 17.739 7.415 0.904 9.42
134.325 10.296 4.887 0.668 4.741
123.397 8.806 4.003 0.532 4.271
122.886 8.002 3.586 0.386 4.03
141.66 8.949 3.666 0.432 4.851
127.886 9.661 4.654 0.582 4.425
123.989 8.734 3.91 0.503 4.321
148.493 15.034 4.568 0.548 9.918
122.119 12.248 3.998 0.449 7.801
122.859 9.961 4.302 0.593 5.066
163.239 21.537 8.688 1.637 11.212
103.295 15.161 6.248 1.024 7.889
136.413 13.223 5.492 0.738 6.993
117.88 10.519 4.479 1.002 5.038
142.39 20.21 8.374 1.626 10.21
130.694 20.695 8.223 1.844 10.628
113.777 20.872 8.535 1.619 10.718
105.658 15.518 6.642 1.255 7.621
123.854 8.358 3.792 0.431 4.135
127.042 8.998 4.398 0.477 4.123
123.86 8.92 4.012 0.443 4.465
141.561 8.738 4.042 0.544 4.152
148.224 23.254 10.012 2.072 11.17
93.152 10.123 4.394 0.686 5.043
160.733 21.231 8.708 1.828 10.695
113.336 21.004 8.728 1.847 10.429
104.716 13.326 7.125 0.649 5.552
139.287 19.311 6.215 1.517 11.579
124.269 20.895 8.865 1.919 10.111
117.719 18.458 8.263 1.739 8.456
128.526 15.112 6.46 1.035 7.617
119.888 15.593 8.149 1.313 6.131
138.608 16.288 6.469 1.519 8.3
114.292 11.451 4.753 0.627 6.071
122.188 10.463 4.246 0.835 5.382
138.15 11.438 4.344 0.65 6.444
120.933 7.633 3.266 0.471 3.896
129.856 12.104 3.377 0.434 8.293
139.779 10.808 3.521 0.994 6.293
131.817 17.559 7.263 1.851 8.445
103.385 11.714 4.683 1.058 5.973
141.617 19.257 7.44 1.626 10.191
115.502 19.451 7.866 1.964 9.621
92.183 8.331 3.731 0.569 4.031
157.892 18.441 7.481 1.36 9.6
114.141 18.485 7.636 1.345 9.504
113.751 19.171 7.466 1.469 10.236
127.339 17.714 7.101 1.412 9.201
113.813 18.491 7.249 1.506 9.736
113.238 15.166 7.585 0.786 6.795
118.36 9.086 3.954 0.494 4.638
125.908 9.125 3.588 0.428 5.109
141.88 9.173 3.839 0.517 4.817
124.283 9.444 3.383 0.564 5.497
123.192 7.679 3.5 0.573 3.606
160.662 13.691 5.758 0.998 6.935
105.868 11.19 3.996 0.885 6.309
117.368 7.844 3.521 0.508 3.815
151.794 14.362 5.493 1.431 7.438
111.618 8.384 3.518 0.646 4.22
145.988 18.949 7.641 1.806 9.502
129.693 19.399 7.814 1.969 9.616
112.946 18.844 7.724 1.403 9.717
117.298 21.02 9.037 1.976 10.007
120.035 14.144 5.965 1.332 6.847
130.131 20.232 7.937 1.753 10.542
108.825 18.242 7.978 1.828 8.436
119.768 7.971 3.969 0.522 3.48
145.056 18.839 7.541 1.73 9.568
92.567 8.688 3.823 0.534 4.331
156.676 17.518 6.717 1.392 9.409
121.583 19.35 7.335 1.606 10.409
111.858 12.681 5.16 0.931 6.59
120.713 12.801 4.82 1.334 6.647
133.794 18.909 7.67 1.563 9.676
134.591 19.9 8.093 1.858 9.949
121.365 21.566 8.318 1.887 11.361
99.427 14.439 6.331 1.286 6.822
136.179 14.335 5.387 1.301 7.647
120.793 14.59 6.043 1.597 6.95
136.763 22.819 9.535 2.003 11.281
104.505 7.895 3.764 0.462 3.669
124.38 7.013 3.174 0.418 3.421
148.594 19.256 8.084 1.447 9.725
127.518 18.557 7.502 1.689 9.366
114.73 18.578 6.998 1.721 9.859
115.013 19.173 7.844 1.856 9.473
109.866 9.071 4.02 0.574 4.477
118.661 7.438 3.499 0.43 3.509
127.561 9.6 3.153 0.472 5.975
160.721 18.591 7.232 1.843 9.516
113.888 18.24 7.22 1.733 9.287
130.191 18.972 7.477 1.86 9.635
99.339 9.814 4.858 0.564 4.392
141.026 19.269 7.11 1.467 10.692
128.528 17.096 6.954 1.397 8.745
110.499 13.644 5.679 1.267 6.698
121.326 14.511 5.987 1.352 7.172
147.406 18.225 7.397 1.357 9.471
114.52 18.822 7.686 1.59 9.546
116.396 18.183 7.564 1.287 9.332
126.05 18.523 7.305 1.509 9.709
115.522 18.639 7.201 1.642 9.796
114.42 19.364 7.699 1.587 10.078
126.007 18.748 8.157 1.262 9.329
103.289 13.616 5.467 1.352 6.797
129.854 18.71 7.425 1.549 9.736
108.58 7.322 3.147 0.441 3.734
127.747 8.611 3.896 0.568 4.147
120.021 7.167 3.144 0.527 3.496
144.838 8.875 3.838 0.618 4.419
139.849 16.408 6.665 1.525 8.218
129.02 16.162 6.588 1.467 8.107
116.736 19.195 7.296 2.571 9.328
101.329 12.191 5.016 1.407 5.768
138.985 13.126 5.5 1.268 6.358
128.259 18.353 6.598 1.616 10.139
102.841 7.315 3.218 0.443 3.654
161.044 18.57 7.627 1.452 9.491
114.021 19.181 7.831 1.494 9.856
114.429 18.114 7.161 1.541 9.412
130.706 18.982 7.455 1.626 9.901
114.991 18.654 7.883 1.347 9.424
103.243 12.578 5.026 0.881 6.671
144.334 16.576 6.932 1.531 8.113
119.309 17.056 7.092 1.735 8.229
114.318 16.47 6.867 1.398 8.205
129.868 16.249 6.543 1.486 8.22
113.965 16.852 6.712 1.818 8.322
125.85 15.869 6.477 1.478 7.914
115.521 17.923 7.268 1.874 8.781
99.994 10.518 4.593 0.708 5.217
154.443 20.111 8.541 1.495 10.075
117.459 20.052 7.973 1.895 10.184
97.493 13.488 5.366 1.559 6.563
126.296 7.547 3.382 0.492 3.673
146.824 18.56 7.039 1.599 9.922
105.007 13.249 5.15 0.912 7.187
139.808 18.36 7.244 1.349 9.767
108.919 13.556 6.489 0.723 6.344
126.548 18.509 7.687 1.362 9.46
117.202 11.178 5.024 0.845 5.309
114.493 6.927 3.167 0.42 3.34
125.21 7.373 3.325 0.574 3.474
164.437 18.809 7.593 1.758 9.458
113.862 18.495 7.243 1.363 9.889
115.192 18.694 8.01 1.482 9.202
131.885 19.782 7.966 1.594 10.222
111.908 17.462 7.284 1.46 8.718
133.835 18.239 7.599 1.464 9.176
106.667 14.4 5.024 0.931 8.445
124.939 19.021 7.845 1.815 9.361
120.896 12.461 5.351 0.818 6.292
132.195 18.389 7.228 1.476 9.685
104.786 13.692 5.457 1.369 6.866
137.398 12.888 5.039 0.924 6.925
132.565 19.512 8.132 1.831 9.549
115.021 19.059 7.51 1.777 9.772
129.949 18.82 7.522 1.465 9.833
115.581 19.069 7.6 1.816 9.653
118.941 18.525 7.557 1.454 9.514
132.616 18.087 7.535 1.466 9.086
94.776 7.588 3.806 0.382 3.4
144.825 18.059 7.294 1.306 9.459
121.213 12.736 5.044 0.834 6.858
133.699 19.292 7.849 1.372 10.071
116.033 19.538 7.941 1.919 9.678
133.781 18.646 7.394 1.762 9.49
115.145 18.969 7.56 1.791 9.618
129.934 18.01 7.233 1.401 9.376
117.092 19.427 7.636 1.814 9.977
114.113 18.114 7.194 1.367 9.553
123.626 12.17 4.891 0.91 6.369
108.44 8.249 3.725 0.535 3.989
123.837 8.413 3.86 0.542 4.011
139.871 8.27 3.702 0.508 4.06
123.936 8.338 3.742 0.544 4.052
138.138 16.608 5.61 1.454 9.544
114.978 7.59 3.368 0.564 3.658
126.441 8.83 4.053 0.71 4.067
124.925 8.624 3.871 0.534 4.219
148.134 8.523 3.909 0.67 3.944
115.587 8.58 3.723 0.524 4.333
124.016 8.732 3.909 0.853 3.97
139.581 8.685 4.136 0.641 3.908
124.807 8.527 3.802 0.636 4.089
123.314 8.034 3.669 0.538 3.827
160.879 19.111 7.556 1.881 9.674
113.496 18.537 7.663 1.447 9.427
131.644 18.856 7.769 1.654 9.433
115.756 18.378 7.393 1.327 9.658
103.637 13.346 5.552 1.353 6.441
147.113 18.554 7.881 1.406 9.267
116.638 19.177 7.763 1.765 9.649
115.169 19.054 7.956 1.713 9.385
120.615 12.924 4.974 0.957 6.993
133.195 19.286 8.077 1.781 9.428
113.007 18.11 7.363 1.606 9.141
130.786 18.466 7.458 1.655 9.353
