2584.06 16.408 11.446 4.962
5.874 3.9 1.613 2.287
11.037 8.312 3.03 5.282
14.986 9.099 3.748 5.351
14.72 9.058 3.812 5.246
15.322 9.489 4.034 5.455
17.824 10.705 4.149 6.556
18.246 11.085 4.687 6.398
18.07 10.946 4.626 6.32
19.588 10.514 4.557 5.957
16.456 9.932 4.548 5.384
11.393 7.022 3.017 4.005
12.753 8.065 3.975 4.09
12.017 7.584 3.112 4.472
11.517 7.152 2.984 4.168
11.335 6.938 2.982 3.956
20.235 10.897 4.748 6.149
15.856 9.331 4.421 4.91
12.166 7.472 3.089 4.383
11.998 7.334 3.036 4.298
12.221 7.442 3.214 4.228
11.966 7.314 3.011 4.303
12.039 7.377 3.107 4.27
12.059 7.365 3.101 4.264
12.223 7.494 3.247 4.247
12.144 7.357 3.078 4.279
12.051 7.364 3.106 4.258
12.066 7.388 3.067 4.321
12.203 7.504 3.261 4.243
12.7 7.978 3.507 4.471
12.197 7.505 3.185 4.32
12.181 7.503 3.112 4.391
12.098 7.384 3.088 4.296
12.089 7.361 3.22 4.141
12.326 7.597 3.298 4.299
11.951 7.272 3.114 4.158
12.126 7.427 3.173 4.254
12.04 7.374 3.106 4.268
12.53 7.629 3.387 4.242
12.17 7.466 3.208 4.258
12.175 7.498 3.196 4.302
11.985 7.338 3.123 4.215
12.168 7.46 3.214 4.246
12.339 7.597 3.355 4.242
12.141 7.466 3.161 4.305
12.074 7.419 3.133 4.286
12.049 7.388 3.155 4.233
12.156 7.391 3.191 4.2
11.828 7.168 2.98 4.188
12.239 7.554 3.226 4.328
12.101 7.451 3.165 4.286
12.162 7.465 3.243 4.222
11.942 7.286 3.084 4.202
12.13 7.43 3.112 4.318
12.074 7.401 3.147 4.254
12.207 7.387 3.187 4.2
12.17 7.387 3.198 4.189
12.061 7.405 3.198 4.207
12.115 7.455 3.158 4.297
11.98 7.315 3.099 4.216
12.324 7.473 3.189 4.284
12.074 7.416 3.213 4.203
11.951 7.287 3.125 4.162
12.087 7.348 3.163 4.185
12.28 7.529 3.323 4.206
12.083 7.395 3.198 4.197
12.044 7.379 3.178 4.201
12.028 7.382 3.134 4.248
12.008 7.318 3.109 4.209
12.254 7.508 3.256 4.252
12.055 7.388 3.156 4.232
11.957 7.295 3.138 4.157
12.095 7.392 3.166 4.226
12.167 7.511 3.221 4.29
12.096 7.407 3.21 4.197
12.23 7.573 3.125 4.448
12.15 7.454 3.127 4.327
11.987 7.33 3.146 4.184
12.254 7.467 3.273 4.194
11.944 7.286 3.062 4.224
12.037 7.333 3.131 4.202
11.992 7.332 3.134 4.198
12.199 7.459 3.228 4.231
12.086 7.432 3.222 4.21
12.36 7.623 3.103 4.52
12.393 7.595 3.289 4.306
12.106 7.402 3.182 4.22
12.269 7.462 3.258 4.204
12.064 7.397 3.16 4.237
12.496 7.81 3.171 4.639
13.665 8.084 3.397 4.687
14.549 8.15 3.627 4.523
9.054 5.953 2.84 3.113
8.129 5.139 2.264 2.875
9.57 5.452 2.388 3.064
7.665 4.812 2.267 2.545
6.973 4.713 1.951 2.762
6.592 4.464 1.907 2.557
6.207 4.141 1.749 2.392
6.502 4.432 1.746 2.686
11.153 8.368 3.665 4.703
12.692 7.848 3.337 4.511
12.579 7.905 3.306 4.599
12.646 7.845 3.303 4.542
12.951 8.175 3.392 4.783
12.972 8.196 3.602 4.594
12.95 8.287 3.653 4.634
12.71 7.964 3.443 4.521
12.693 7.863 3.29 4.573
12.715 8.017 3.447 4.57
12.549 7.866 3.368 4.498
12.659 7.871 3.364 4.507
12.844 8.073 3.401 4.672
12.841 8.016 3.363 4.653
12.638 7.773 3.227 4.546
12.606 7.896 3.369 4.527
12.828 7.885 3.371 4.514
12.827 8.039 3.364 4.675
13.293 8.287 3.625 4.662
12.452 7.657 3.253 4.404
12.099 7.301 3.049 4.252
12.189 7.439 3.218 4.221
12.112 7.457 3.241 4.216
12.099 7.431 3.119 4.312
12.181 7.369 3.147 4.222
12.133 7.445 3.222 4.223
13.06 7.804 3.588 4.216
11.928 7.262 3.039 4.223
12.13 7.447 3.143 4.304
12.083 7.382 3.141 4.241
12.128 7.454 3.243 4.211
12.157 7.46 3.281 4.179
12.294 7.612 3.163 4.449
12.056 7.328 3.17 4.158
12.08 7.413 3.186 4.227
12.211 7.523 3.185 4.338
12 7.33 3.114 4.216
12.188 7.495 3.146 4.349
12.116 7.432 3.204 4.228
12.148 7.476 3.235 4.241
12.075 7.428 3.219 4.209
12.122 7.429 3.121 4.308
11.946 7.245 3.087 4.158
12.157 7.495 3.268 4.227
12.135 7.449 3.24 4.209
12.123 7.421 3.207 4.214
12.066 7.4 3.121 4.279
12.072 7.437 3.132 4.305
12.178 7.495 3.289 4.206
12.291 7.593 3.396 4.197
12.03 7.371 3.072 4.299
12.12 7.453 3.177 4.276
12.192 7.533 3.26 4.273
12.545 7.427 3.252 4.175
12.071 7.383 3.167 4.216
12.087 7.435 3.138 4.297
12 7.356 3.134 4.222
12.152 7.45 3.215 4.235
12.146 7.477 3.265 4.212
12.076 7.415 3.106 4.309
12.056 7.388 3.159 4.229
12.272 7.485 3.241 4.244
12.159 7.474 3.251 4.223
12.133 7.474 3.175 4.299
12.09 7.429 3.134 4.295
12.105 7.409 3.174 4.235
12.216 7.462 3.228 4.234
10.183 5.718 2.715 3.003
8.424 5.281 2.262 3.019
9.112 5.376 2.357 3.019
8.46 5.306 2.271 3.035
8.498 5.362 2.309 3.053
8.438 5.304 2.252 3.052
8.502 5.328 2.313 3.015
8.459 5.316 2.258 3.058
8.416 5.27 2.241 3.029
8.501 5.349 2.402 2.947
8.415 5.249 2.256 2.993
8.827 5.61 2.557 3.053
8.526 5.3 2.333 2.967
9.435 5.88 2.885 2.995
8.425 5.428 2.299 3.129
6.008 4.069 2.008 2.061
5.248 3.435 1.519 1.916
5.428 3.525 1.518 2.007
5.717 3.788 1.699 2.089
5.504 3.664 1.65 2.014
6.876 4.764 1.731 3.033
8.503 5.336 2.297 3.039
8.606 5.452 2.389 3.063
8.468 5.311 2.268 3.043
8.489 5.314 2.312 3.002
8.432 5.268 2.267 3.001
8.666 5.495 2.391 3.104
8.472 5.328 2.267 3.061
8.337 5.18 2.177 3.003
8.57 5.422 2.282 3.14
8.494 5.337 2.28 3.057
8.62 5.448 2.399 3.049
8.637 5.456 2.353 3.103
8.638 5.504 2.423 3.081
8.466 5.309 2.256 3.053
8.614 5.409 2.358 3.051
8.487 5.309 2.28 3.029
8.462 5.322 2.314 3.008
8.457 5.314 2.27 3.044
8.524 5.369 2.33 3.039
8.484 5.347 2.281 3.066
8.473 5.303 2.27 3.033
9.081 5.94 2.29 3.65
8.534 5.345 2.335 3.01
8.723 5.489 2.418 3.071
8.436 5.284 2.264 3.02
8.664 5.455 2.39 3.065
8.444 5.286 2.271 3.015
8.53 5.364 2.325 3.039
8.542 5.409 2.286 3.123
8.525 5.309 2.284 3.025
8.526 5.385 2.259 3.126
8.616 5.338 2.316 3.022
8.52 5.373 2.29 3.083
8.479 5.333 2.289 3.044
8.599 5.45 2.408 3.042
8.398 5.259 2.254 3.005
8.528 5.357 2.272 3.085
8.657 5.31 2.269 3.041
8.91 5.378 2.358 3.02
8.484 5.34 2.264 3.076
8.504 5.325 2.254 3.071
8.513 5.377 2.273 3.104
8.483 5.347 2.282 3.065
8.438 5.302 2.297 3.005
8.451 5.287 2.268 3.019
8.462 5.32 2.305 3.015
8.427 5.285 2.254 3.031
8.536 5.339 2.33 3.009
8.501 5.311 2.286 3.025
8.559 5.427 2.316 3.111
8.612 5.449 2.291 3.158
8.485 5.326 2.311 3.015
8.54 5.384 2.275 3.109
8.427 5.277 2.275 3.002
8.563 5.348 2.224 3.124
8.529 5.363 2.316 3.047
8.535 5.368 2.319 3.049
8.521 5.344 2.29 3.054
8.561 5.384 2.338 3.046
8.508 5.352 2.292 3.06
8.527 5.381 2.328 3.053
8.515 5.356 2.259 3.097
8.442 5.297 2.289 3.008
8.537 5.391 2.294 3.097
8.457 5.302 2.295 3.007
8.439 5.28 2.261 3.019
8.434 5.296 2.265 3.031
8.626 5.476 2.352 3.124
8.426 5.277 2.26 3.017
8.539 5.351 2.335 3.016
8.474 5.315 2.266 3.049
8.582 5.376 2.372 3.004
8.514 5.348 2.281 3.067
8.471 5.278 2.274 3.004
8.589 5.418 2.378 3.04
8.532 5.359 2.304 3.055
8.6 5.426 2.326 3.1
8.545 5.35 2.339 3.011
8.643 5.461 2.374 3.087
8.54 5.363 2.327 3.036
8.786 5.537 2.484 3.053
8.661 5.404 2.353 3.051
8.676 5.414 2.33 3.084
8.69 5.524 2.362 3.162
8.556 5.379 2.357 3.022
8.697 5.424 2.368 3.056
8.492 5.329 2.283 3.046
8.553 5.42 2.446 2.974
8.432 5.292 2.259 3.033
8.502 5.357 2.325 3.032
8.441 5.268 2.261 3.007
8.544 5.398 2.375 3.023
8.445 5.303 2.257 3.046
8.437 5.293 2.259 3.034
8.518 5.356 2.355 3.001
8.413 5.275 2.291 2.984
8.51 5.362 2.29 3.072
8.406 5.261 2.248 3.013
8.63 5.465 2.427 3.038
8.447 5.302 2.272 3.03
8.514 5.364 2.33 3.034
8.443 5.298 2.292 3.006
8.533 5.348 2.346 3.002
8.491 5.35 2.292 3.058
8.719 5.454 2.452 3.002
8.492 5.335 2.267 3.068
8.456 5.316 2.29 3.026
8.869 5.708 2.277 3.431
9.006 5.738 2.449 3.289
7.84 4.683 2.207 2.476
7.668 5.776 2.02 3.756
7.645 5.822 1.647 4.175
5.292 3.506 1.586 1.92
5.448 3.494 1.556 1.938
5.865 4.013 1.915 2.098
5.534 3.511 1.54 1.971
5.269 3.39 1.498 1.892
5.079 3.276 1.478 1.798
5.345 3.443 1.516 1.927
5.573 3.551 1.623 1.928
5.895 3.989 1.805 2.184
5.178 3.296 1.467 1.829
5.287 3.493 1.577 1.916
5.571 3.67 1.655 2.015
5.412 3.515 1.505 2.01
5.306 3.532 1.555 1.977
5.551 3.567 1.581 1.986
5.215 3.4 1.505 1.895
5.213 3.299 1.522 1.777
5.325 3.421 1.506 1.915
5.416 3.421 1.497 1.924
5.216 3.354 1.517 1.837
5.448 3.491 1.518 1.973
5.181 3.385 1.476 1.909
5.628 3.614 1.679 1.935
5.613 3.66 1.637 2.023
5.322 3.504 1.594 1.91
6.282 3.839 1.742 2.097
5.271 3.442 1.529 1.913
5.165 3.36 1.505 1.855
5.206 3.38 1.521 1.859
5.373 3.561 1.537 2.024
5.317 3.55 1.543 2.007
5.447 3.63 1.706 1.924
5.321 3.512 1.571 1.941
5.352 3.568 1.602 1.966
5.129 3.372 1.534 1.838
5.155 3.362 1.509 1.853
5.083 3.33 1.484 1.846
5.321 3.527 1.509 2.018
5.29 3.47 1.551 1.919
5.11 3.343 1.47 1.873
5.269 3.495 1.515 1.98
5.234 3.437 1.501 1.936
6.754 3.859 1.432 2.427
5.927 3.62 1.668 1.952
5.186 3.426 1.556 1.87
5.485 3.631 1.569 2.062
5.777 3.825 1.661 2.164
5.324 3.466 1.508 1.958
5.847 3.631 1.636 1.995
5.441 3.601 1.578 2.023
5.311 3.463 1.573 1.89
5.301 3.478 1.6 1.878
5.079 3.239 1.478 1.761
5.218 3.422 1.542 1.88
5.575 3.635 1.723 1.912
5.16 3.32 1.488 1.832
5.459 3.518 1.482 2.036
5.491 3.579 1.569 2.01
6 3.992 1.701 2.291
5.424 3.475 1.534 1.941
5.195 3.335 1.511 1.824
5.348 3.339 1.5 1.839
6.042 3.973 1.702 2.271
5.426 3.549 1.608 1.941
5.353 3.362 1.497 1.865
4.981 3.241 1.454 1.787
5.551 3.464 1.518 1.946
5.518 3.583 1.527 2.056
5.221 3.42 1.568 1.852
5.081 3.315 1.456 1.859
5.697 3.666 1.603 2.063
5.61 3.735 1.722 2.013
5.235 3.434 1.534 1.9
5.014 3.264 1.436 1.828
4.963 3.202 1.393 1.809
5.571 3.475 1.573 1.902
5.39 3.473 1.53 1.943
5.234 3.45 1.568 1.882
5.513 3.482 1.529 1.953
5.42 3.466 1.526 1.94
5.088 3.306 1.519 1.787
5.264 3.508 1.612 1.896
5.302 3.526 1.599 1.927
4.962 3.171 1.424 1.747
4.964 3.216 1.497 1.719
5.055 3.314 1.51 1.804
5.175 3.374 1.467 1.907
5.496 3.72 1.599 2.121
5.465 3.607 1.656 1.951
5.174 3.378 1.489 1.889
5.396 3.518 1.455 2.063
6.129 3.967 1.59 2.377
5.463 3.443 1.5 1.943
5.237 3.267 1.51 1.757
5.024 3.279 1.479 1.8
5.166 3.37 1.51 1.86
5.323 3.552 1.496 2.056
5.37 3.559 1.553 2.006
5.177 3.397 1.508 1.889
5.096 3.345 1.458 1.887
5.59 3.73 1.552 2.178
5.58 3.639 1.636 2.003
5.172 3.398 1.52 1.878
5.31 3.571 1.439 2.132
5.542 3.604 1.65 1.954
5.592 3.669 1.665 2.004
5.359 3.551 1.507 2.044
5.411 3.442 1.548 1.894
5.373 3.458 1.523 1.935
5.174 3.406 1.522 1.884
5.202 3.429 1.524 1.905
5.131 3.363 1.504 1.859
5.32 3.331 1.547 1.784
5.309 3.529 1.596 1.933
5.517 3.664 1.63 2.034
5.121 3.317 1.523 1.794
5.324 3.478 1.535 1.943
5.271 3.318 1.548 1.77
5.114 3.316 1.537 1.779
5.427 3.414 1.491 1.923
5.5 3.504 1.581 1.923
5.145 3.382 1.538 1.844
5.022 3.269 1.5 1.769
5.077 3.306 1.49 1.816
5.22 3.248 1.452 1.796
5.069 3.267 1.481 1.786
5.265 3.497 1.558 1.939
5.741 3.652 1.722 1.93
5.302 3.376 1.509 1.867
5.215 3.351 1.509 1.842
4.971 3.184 1.423 1.761
5.326 3.539 1.506 2.033
5.417 3.561 1.57 1.991
5.397 3.544 1.562 1.982
5.26 3.451 1.572 1.879
5.262 3.377 1.52 1.857
5.178 3.251 1.475 1.776
5.444 3.436 1.497 1.939
5.367 3.421 1.511 1.91
5.148 3.236 1.436 1.8
5.365 3.37 1.506 1.864
5.809 3.765 1.568 2.197
5.33 3.45 1.649 1.801
5.652 3.768 1.661 2.107
5.617 3.671 1.649 2.022
5.037 3.269 1.5 1.769
5.099 3.34 1.462 1.878
5.241 3.477 1.546 1.931
5.254 3.422 1.529 1.893
5.381 3.328 1.482 1.846
5.626 3.726 1.562 2.164
5.676 3.586 1.53 2.056
5.765 3.855 1.562 2.293
5.604 3.697 1.62 2.077
5.451 3.653 1.568 2.085
5.43 3.578 1.588 1.99
5.274 3.338 1.516 1.822
5.248 3.323 1.495 1.828
5.28 3.391 1.494 1.897
5.111 3.151 1.391 1.76
5.064 3.301 1.498 1.803
5.521 3.477 1.519 1.958
5.311 3.338 1.525 1.813
5.42 3.565 1.526 2.039
5.498 3.482 1.515 1.967
5.79 3.824 1.616 2.208
5.367 3.359 1.541 1.818
5.164 3.387 1.52 1.867
5.407 3.608 1.691 1.917
5.419 3.61 1.613 1.997
5.158 3.355 1.49 1.865
5.474 3.561 1.541 2.02
5.488 3.525 1.545 1.98
5.063 3.284 1.482 1.802
5.224 3.423 1.524 1.899
5.362 3.501 1.485 2.016
5.563 3.592 1.547 2.045
5.4 3.618 1.617 2.001
5.267 3.46 1.55 1.91
5.148 3.406 1.523 1.883
5.457 3.657 1.693 1.964
5.288 3.484 1.619 1.865
5.816 4.011 1.965 2.046
5.152 3.353 1.547 1.806
5.373 3.536 1.675 1.861
6.312 4.469 1.741 2.728
5.408 3.584 1.572 2.012
5.18 3.423 1.496 1.927
5.896 4.005 1.86 2.145
5.634 3.642 1.662 1.98
5.274 3.432 1.508 1.924
5.319 3.509 1.579 1.93
5.331 3.561 1.556 2.005
5.559 3.745 1.669 2.076
5.566 3.689 1.78 1.909
5.109 3.322 1.52 1.802
5.054 3.3 1.482 1.818
5.436 3.485 1.544 1.941
5.13 3.307 1.512 1.795
5.517 3.505 1.541 1.964
5.314 3.489 1.549 1.94
5.044 3.265 1.493 1.772
4.979 3.232 1.439 1.793
5.193 3.397 1.503 1.894
5.287 3.377 1.585 1.792
5.325 3.502 1.506 1.996
5.759 3.718 1.508 2.21
5.704 3.7 1.709 1.991
5.422 3.595 1.562 2.033
5.246 3.44 1.503 1.937
5.092 3.341 1.509 1.832
5.131 3.352 1.506 1.846
5.117 3.283 1.52 1.763
5.237 3.348 1.493 1.855
5.721 3.705 1.686 2.019
5.517 3.682 1.666 2.016
5.034 3.262 1.481 1.781
5.314 3.389 1.507 1.882
5.222 3.449 1.506 1.943
5.248 3.424 1.515 1.909
5.466 3.571 1.527 2.044
5.859 3.744 1.74 2.004
5.75 3.874 1.742 2.132
5.429 3.513 1.604 1.909
5.201 3.391 1.515 1.876
5.211 3.375 1.5 1.875
5.425 3.458 1.546 1.912
5.506 3.505 1.518 1.987
5.09 3.218 1.454 1.764
5.473 3.482 1.683 1.799
5.065 3.283 1.48 1.803
5.22 3.355 1.519 1.836
4.979 3.189 1.384 1.805
5.596 3.675 1.62 2.055
5.465 3.466 1.566 1.9
5.426 3.571 1.715 1.856
5.293 3.517 1.664 1.853
5.352 3.537 1.549 1.988
5.553 3.651 1.555 2.096
5.618 3.553 1.604 1.949
5.727 3.84 1.664 2.176
5.611 3.638 1.669 1.969
5.231 3.402 1.511 1.891
5.09 3.296 1.518 1.778
5.146 3.374 1.508 1.866
5.131 3.282 1.464 1.818
5.393 3.502 1.637 1.865
5.483 3.632 1.613 2.019
5.658 3.666 1.594 2.072
5.288 3.415 1.499 1.916
5.458 3.551 1.589 1.962
5.261 3.404 1.524 1.88
5.311 3.485 1.581 1.904
5.2 3.429 1.527 1.902
5.117 3.292 1.473 1.819
5.424 3.498 1.58 1.918
5.778 3.691 1.626 2.065
5.234 3.403 1.502 1.901
4.991 3.158 1.407 1.751
5.049 3.293 1.497 1.796
5.273 3.402 1.51 1.892
5.276 3.302 1.516 1.786
5.054 3.285 1.507 1.778
5.317 3.494 1.643 1.851
5.644 3.668 1.725 1.943
5.883 3.835 1.599 2.236
5.377 3.436 1.612 1.824
5.18 3.422 1.548 1.874
5.302 3.538 1.56 1.978
5.21 3.355 1.495 1.86
6.228 3.608 1.617 1.991
5.349 3.427 1.514 1.913
5.323 3.47 1.509 1.961
5.37 3.45 1.514 1.936
5.262 3.438 1.499 1.939
5.204 3.351 1.49 1.861
5.368 3.431 1.51 1.921
5.205 3.419 1.524 1.895
5.448 3.539 1.503 2.036
5.269 3.433 1.581 1.852
5.063 3.313 1.505 1.808
5.226 3.464 1.486 1.978
5.34 3.558 1.569 1.989
5.333 3.485 1.504 1.981
5.177 3.376 1.516 1.86
5.502 3.508 1.653 1.855
5.498 3.622 1.582 2.04
5.565 3.481 1.474 2.007
5.411 3.469 1.54 1.929
5.257 3.378 1.526 1.852
5.25 3.371 1.527 1.844
5.581 3.54 1.487 2.053
5.481 3.569 1.511 2.058
5.374 3.435 1.541 1.894
5.587 3.693 1.599 2.094
5.61 3.732 1.595 2.137
5.588 3.677 1.602 2.075
5.246 3.461 1.533 1.928
5.322 3.554 1.611 1.943
5.374 3.55 1.71 1.84
5.455 3.391 1.527 1.864
5.198 3.29 1.498 1.792
5.25 3.383 1.518 1.865
5.552 3.567 1.52 2.047
5.638 3.68 1.614 2.066
5.521 3.725 1.632 2.093
5.385 3.566 1.625 1.941
5.368 3.537 1.632 1.905
5.386 3.585 1.591 1.994
5.029 3.264 1.493 1.771
5.565 3.68 1.558 2.122
5.636 3.654 1.603 2.051
5.559 3.535 1.541 1.994
5.359 3.557 1.593 1.964
5.358 3.492 1.506 1.986
5.217 3.443 1.519 1.924
5.114 3.354 1.546 1.808
5.382 3.547 1.6 1.947
5.536 3.577 1.601 1.976
5.123 3.152 1.401 1.751
5.177 3.305 1.519 1.786
5.541 3.468 1.534 1.934
5.164 3.222 1.419 1.803
5.035 3.274 1.454 1.82
5.508 3.658 1.612 2.046
5.794 3.644 1.728 1.916
5.459 3.525 1.558 1.967
5.165 3.399 1.504 1.895
5.073 3.255 1.512 1.743
5.136 3.345 1.5 1.845
5.354 3.552 1.572 1.98
5.797 3.836 1.758 2.078
5.503 3.508 1.526 1.982
5.239 3.414 1.525 1.889
5.039 3.272 1.497 1.775
5.17 3.378 1.501 1.877
5.272 3.396 1.496 1.9
5.46 3.57 1.54 2.03
5.356 3.365 1.507 1.858
5.223 3.465 1.622 1.843
5.542 3.674 1.601 2.073
5.184 3.333 1.568 1.765
5.131 3.371 1.512 1.859
5.05 3.286 1.468 1.818
5.39 3.427 1.502 1.925
5.455 3.424 1.533 1.891
5.016 3.251 1.439 1.812
5.072 3.266 1.482 1.784
5.577 3.544 1.507 2.037
5.573 3.532 1.547 1.985
5.164 3.359 1.519 1.84
5.545 3.734 1.59 2.144
5.367 3.551 1.667 1.884
5.095 3.349 1.497 1.852
5.034 3.285 1.476 1.809
5.471 3.423 1.487 1.936
5.452 3.464 1.559 1.905
5.088 3.319 1.537 1.782
5.323 3.562 1.648 1.914
5.616 3.528 1.599 1.929
5.104 3.254 1.463 1.791
5.481 3.473 1.517 1.956
5.434 3.422 1.513 1.909
5.046 3.257 1.488 1.769
5.019 3.267 1.498 1.769
5.268 3.286 1.494 1.792
5.384 3.418 1.584 1.834
5.215 3.433 1.531 1.902
5.596 3.773 1.675 2.098
7.51 4.579 1.709 2.87
6.221 3.722 1.716 2.006
7.013 5.201 1.562 3.639
5.794 3.726 1.674 2.052
5.536 3.65 1.589 2.061
5.384 3.522 1.567 1.955
5.071 3.292 1.513 1.779
5.344 3.541 1.607 1.934
5.568 3.703 1.688 2.015
5.177 3.354 1.502 1.852
5.027 3.264 1.488 1.776
5.328 3.456 1.602 1.854
5.075 3.263 1.476 1.787
5.292 3.507 1.628 1.879
5.445 3.423 1.564 1.859
5.572 3.698 1.594 2.104
5.787 3.76 1.67 2.09
5.481 3.557 1.523 2.034
5.18 3.421 1.549 1.872
5.157 3.389 1.506 1.883
5.446 3.445 1.544 1.901
4.994 3.183 1.409 1.774
5.429 3.525 1.517 2.008
5.32 3.542 1.557 1.985
5.131 3.36 1.496 1.864
5.05 3.269 1.488 1.781
5.073 3.296 1.497 1.799
5.156 3.239 1.477 1.762
5.25 3.489 1.501 1.988
5.095 3.304 1.505 1.799
5.43 3.439 1.511 1.928
5.31 3.507 1.556 1.951
5.281 3.472 1.535 1.937
5.597 3.581 1.499 2.082
5.728 3.778 1.703 2.075
5.755 3.714 1.599 2.115
5.368 3.499 1.54 1.959
5.173 3.354 1.515 1.839
5.291 3.289 1.494 1.795
5.529 3.469 1.54 1.929
5.345 3.444 1.619 1.825
5.418 3.556 1.515 2.041
5.697 3.727 1.54 2.187
6.084 4.063 1.737 2.326
5.408 3.434 1.544 1.89
5.155 3.312 1.521 1.791
5.32 3.493 1.718 1.775
5.059 3.265 1.439 1.826
5.224 3.458 1.591 1.867
5.123 3.353 1.566 1.787
5.262 3.502 1.611 1.891
5.561 3.716 1.608 2.108
5.518 3.455 1.592 1.863
5.039 3.255 1.46 1.795
5.452 3.47 1.505 1.965
5.381 3.566 1.622 1.944
5.323 3.533 1.51 2.023
5.245 3.441 1.492 1.949
5.526 3.618 1.61 2.008
5.278 3.403 1.549 1.854
5.424 3.43 1.467 1.963
5.425 3.369 1.5 1.869
5.459 3.483 1.522 1.961
5.911 3.941 1.883 2.058
5.417 3.618 1.677 1.941
5.057 3.306 1.495 1.811
5.369 3.508 1.52 1.988
5.523 3.519 1.531 1.988
5.193 3.413 1.506 1.907
5.569 3.779 1.586 2.193
5.409 3.615 1.699 1.916
5.156 3.362 1.504 1.858
5.202 3.426 1.551 1.875
5.283 3.379 1.474 1.905
5.265 3.368 1.434 1.934
5.83 3.733 1.687 2.046
5.517 3.676 1.619 2.057
5.275 3.476 1.629 1.847
5.323 3.525 1.562 1.963
5.55 3.634 1.607 2.027
5.336 3.436 1.517 1.919
5.312 3.388 1.561 1.827
5.047 3.288 1.488 1.8
5.283 3.301 1.505 1.796
5.469 3.7 1.692 2.008
5.637 3.806 1.673 2.133
5.354 3.529 1.542 1.987
5.187 3.376 1.521 1.855
5.055 3.262 1.483 1.779
5.443 3.474 1.512 1.962
5.206 3.389 1.515 1.874
5.243 3.332 1.479 1.853
5.072 3.302 1.439 1.863
5.169 3.398 1.509 1.889
5.01 3.232 1.464 1.768
5.1 3.298 1.476 1.822
5.102 3.236 1.471 1.765
5.103 3.333 1.509 1.824
5.307 3.463 1.509 1.954
5.42 3.505 1.564 1.941
5.731 3.816 1.561 2.255
5.457 3.524 1.585 1.939
5.026 3.261 1.441 1.82
5.018 3.266 1.482 1.784
5.336 3.562 1.5 2.062
5.335 3.56 1.601 1.959
5.218 3.427 1.508 1.919
5.129 3.369 1.525 1.844
5.434 3.542 1.618 1.924
5.462 3.399 1.526 1.873
5.299 3.393 1.53 1.863
5.216 3.411 1.518 1.893
5.606 3.549 1.622 1.927
5.442 3.555 1.636 1.919
5.37 3.494 1.528 1.966
5.35 3.562 1.585 1.977
5.28 3.472 1.496 1.976
5.225 3.427 1.53 1.897
4.99 3.245 1.436 1.809
5.138 3.369 1.511 1.858
5.384 3.599 1.516 2.083
5.35 3.512 1.514 1.998
5.441 3.67 1.54 2.13
5.464 3.521 1.58 1.941
5.459 3.534 1.653 1.881
5.544 3.584 1.709 1.875
5.266 3.245 1.439 1.806
5.706 3.735 1.634 2.101
5.745 3.832 1.678 2.154
5.262 3.425 1.44 1.985
5.25 3.456 1.587 1.869
4.982 3.169 1.408 1.761
5.023 3.246 1.451 1.795
5.753 3.789 1.717 2.072
5.615 3.743 1.75 1.993
5.042 3.285 1.489 1.796
5.668 3.661 1.585 2.076
5.472 3.6 1.618 1.982
5.296 3.49 1.593 1.897
5.106 3.345 1.508 1.837
5.315 3.296 1.505 1.791
5.407 3.447 1.504 1.943
5.44 3.619 1.538 2.081
5.46 3.473 1.546 1.927
5.308 3.567 1.534 2.033
5.37 3.599 1.607 1.992
5.364 3.564 1.562 2.002
5.171 3.33 1.471 1.859
5.276 3.333 1.548 1.785
4.914 3.164 1.334 1.83
5.421 3.544 1.615 1.929
5.674 3.787 1.685 2.102
5.314 3.538 1.646 1.892
5.277 3.45 1.59 1.86
5.708 3.744 1.71 2.034
5.301 3.456 1.529 1.927
5.012 3.242 1.465 1.777
5.414 3.568 1.511 2.057
5.382 3.448 1.501 1.947
5.416 3.45 1.501 1.949
5.063 3.273 1.517 1.756
5.186 3.369 1.493 1.876
5.55 3.467 1.503 1.964
5.388 3.366 1.585 1.781
5.157 3.386 1.497 1.889
5.514 3.661 1.586 2.075
5.587 3.598 1.726 1.872
5.35 3.542 1.613 1.929
5.822 3.805 1.623 2.182
5.493 3.517 1.625 1.892
5.485 3.625 1.614 2.011
7.623 5.655 1.592 4.063
5.195 3.406 1.536 1.87
4.993 3.244 1.479 1.765
5.252 3.487 1.557 1.93
5.174 3.409 1.55 1.859
5.323 3.512 1.527 1.985
5.216 3.419 1.616 1.803
5.093 3.319 1.496 1.823
5.033 3.286 1.504 1.782
5.166 3.323 1.466 1.857
5.611 3.731 1.608 2.123
5.329 3.469 1.613 1.856
5.11 3.352 1.606 1.746
5.308 3.525 1.67 1.855
5.112 3.298 1.511 1.787
5.883 4.065 1.941 2.124
5.807 3.914 1.78 2.134
5.513 3.608 1.619 1.989
6.177 4.075 2.014 2.061
5.56 3.75 1.684 2.066
5.182 3.43 1.514 1.916
5.196 3.405 1.531 1.874
5.155 3.352 1.45 1.902
5.305 3.547 1.612 1.935
5.335 3.555 1.637 1.918
5.101 3.316 1.452 1.864
6.873 4.021 1.443 2.578
6.119 3.869 1.65 2.219
5.366 3.552 1.499 2.053
5.378 3.548 1.64 1.908
5.449 3.619 1.588 2.031
5.342 3.52 1.609 1.911
4.919 3.144 1.4 1.744
5.152 3.401 1.484 1.917
5.43 3.611 1.564 2.047
5.352 3.533 1.596 1.937
5.349 3.378 1.507 1.871
5.149 3.3 1.484 1.816
5.678 3.709 1.691 2.018
5.315 3.52 1.604 1.916
5.116 3.325 1.49 1.835
5.41 3.352 1.559 1.793
5.58 3.653 1.609 2.044
5.614 3.773 1.671 2.102
5.472 3.632 1.651 1.981
5.004 3.256 1.475 1.781
5.35 3.405 1.504 1.901
5.078 3.309 1.502 1.807
5.204 3.428 1.483 1.945
5.402 3.605 1.528 2.077
5.422 3.562 1.59 1.972
5.297 3.516 1.553 1.963
5.44 3.613 1.597 2.016
5.72 3.727 1.633 2.094
5.331 3.548 1.628 1.92
5.654 3.769 1.646 2.123
5.438 3.474 1.611 1.863
5.029 3.287 1.467 1.82
4.911 3.166 1.409 1.757
5.493 3.476 1.538 1.938
5.731 3.589 1.525 2.064
5.981 3.939 1.832 2.107
5.207 3.434 1.531 1.903
5.26 3.497 1.557 1.94
5.08 3.294 1.5 1.794
5.421 3.553 1.511 2.042
5.511 3.458 1.503 1.955
5.339 3.396 1.597 1.799
5.588 3.489 1.546 1.943
5.396 3.45 1.521 1.929
4.938 3.152 1.407 1.745
5.466 3.617 1.512 2.105
5.549 3.51 1.524 1.986
5.647 3.79 1.731 2.059
5.817 3.678 1.576 2.102
5.412 3.541 1.524 2.017
5.22 3.455 1.519 1.936
5.363 3.493 1.547 1.946
5.654 3.606 1.524 2.082
5.342 3.39 1.526 1.864
5.036 3.283 1.488 1.795
5.267 3.464 1.5 1.964
5.349 3.389 1.507 1.882
5.065 3.274 1.474 1.8
5.288 3.367 1.483 1.884
5.211 3.297 1.5 1.797
5.423 3.549 1.487 2.062
5.308 3.498 1.544 1.954
5.285 3.425 1.506 1.919
5.362 3.475 1.598 1.877
5.375 3.445 1.454 1.991
5.345 3.53 1.523 2.007
5.267 3.437 1.559 1.878
5.028 3.254 1.475 1.779
5.389 3.53 1.565 1.965
5.388 3.525 1.542 1.983
5.687 3.713 1.747 1.966
5.585 3.774 1.716 2.058
5.293 3.473 1.534 1.939
5.115 3.29 1.406 1.884
5.244 3.451 1.61 1.841
5.485 3.674 1.621 2.053
5.924 3.793 1.75 2.043
5.311 3.439 1.543 1.896
5.189 3.276 1.488 1.788
5.293 3.324 1.516 1.808
5.44 3.497 1.481 2.016
5.5 3.682 1.616 2.066
5.398 3.597 1.571 2.026
5.282 3.459 1.602 1.857
5.195 3.461 1.573 1.888
5.37 3.565 1.621 1.944
5.295 3.495 1.587 1.908
5.568 3.593 1.611 1.982
5.392 3.443 1.534 1.909
5.348 3.523 1.499 2.024
5.427 3.478 1.523 1.955
5.199 3.415 1.507 1.908
5.025 3.224 1.462 1.762
5.103 3.352 1.438 1.914
4.987 3.241 1.502 1.739
5.149 3.384 1.433 1.951
5.391 3.587 1.534 2.053
5.413 3.595 1.536 2.059
5.355 3.365 1.51 1.855
5.22 3.437 1.518 1.919
5.359 3.421 1.545 1.876
5.22 3.457 1.506 1.951
5.347 3.563 1.588 1.975
5.384 3.601 1.559 2.042
5.461 3.543 1.565 1.978
5.31 3.456 1.522 1.934
5.15 3.376 1.502 1.874
5.231 3.325 1.466 1.859
5.439 3.435 1.485 1.95
5.151 3.308 1.476 1.832
5.396 3.441 1.494 1.947
5.286 3.502 1.611 1.891
5.27 3.517 1.521 1.996
5.331 3.571 1.567 2.004
5.33 3.514 1.609 1.905
5.018 3.235 1.431 1.804
5.033 3.252 1.432 1.82
5.481 3.434 1.549 1.885
5.161 3.279 1.488 1.791
5.099 3.286 1.47 1.816
5.322 3.366 1.558 1.808
5.52 3.549 1.555 1.994
5.328 3.44 1.512 1.928
5.238 3.35 1.544 1.806
5.35 3.515 1.509 2.006
5.355 3.357 1.495 1.862
5.199 3.37 1.574 1.796
4.844 3.076 1.362 1.714
4.959 3.207 1.466 1.741
5.273 3.359 1.582 1.777
5.106 3.332 1.513 1.819
5.381 3.387 1.478 1.909
5.236 3.357 1.512 1.845
5.342 3.411 1.5 1.911
5.356 3.592 1.546 2.046
5.579 3.77 1.697 2.073
5.139 3.354 1.501 1.853
5.148 3.34 1.538 1.802
5.479 3.652 1.676 1.976
7.228 4.325 1.702 2.623
7.896 5.609 3.414 2.195
5.409 3.607 1.618 1.989
5.349 3.553 1.646 1.907
5.445 3.615 1.646 1.969
5.13 3.347 1.535 1.812
5.257 3.463 1.481 1.982
7.457 5.542 1.619 3.923
5.525 3.655 1.532 2.123
5.441 3.575 1.588 1.987
5.507 3.524 1.531 1.993
5.201 3.313 1.525 1.788
5.293 3.357 1.531 1.826
5.377 3.509 1.569 1.94
4.939 3.19 1.441 1.749
5.206 3.422 1.523 1.899
5.257 3.461 1.56 1.901
5.023 3.234 1.441 1.793
5.29 3.338 1.512 1.826
4.981 3.22 1.449 1.771
4.969 3.224 1.457 1.767
5.043 3.283 1.495 1.788
5.178 3.424 1.554 1.87
5.01 3.256 1.484 1.772
5.271 3.512 1.523 1.989
5.449 3.486 1.539 1.947
5.794 3.931 1.7 2.231
5.451 3.563 1.718 1.845
5.039 3.259 1.449 1.81
4.972 3.228 1.451 1.777
5.34 3.567 1.656 1.911
5.654 3.8 1.704 2.096
5.109 3.301 1.503 1.798
6.118 4.185 1.819 2.366
5.51 3.728 1.589 2.139
5.358 3.547 1.621 1.926
5.812 3.599 1.685 1.914
5.287 3.46 1.583 1.877
5.257 3.46 1.571 1.889
6.03 3.984 1.981 2.003
5.32 3.492 1.597 1.895
5.425 3.614 1.645 1.969
5.143 3.334 1.526 1.808
5.102 3.284 1.482 1.802
5.306 3.314 1.482 1.832
5.449 3.585 1.652 1.933
5.474 3.573 1.728 1.845
6.945 4.034 1.501 2.533
6.322 3.934 1.755 2.179
5.694 3.777 1.697 2.08
5.548 3.678 1.591 2.087
5.285 3.445 1.585 1.86
5.13 3.316 1.481 1.835
5.529 3.548 1.612 1.936
5.223 3.419 1.525 1.894
5.377 3.437 1.511 1.926
5.555 3.465 1.559 1.906
5.3 3.407 1.525 1.882
5.244 3.475 1.529 1.946
5.304 3.505 1.58 1.925
5.495 3.533 1.51 2.023
5.377 3.608 1.581 2.027
5.067 3.321 1.494 1.827
5.136 3.383 1.536 1.847
5.085 3.316 1.495 1.821
5.162 3.301 1.539 1.762
4.942 3.193 1.451 1.742
5.365 3.584 1.64 1.944
5.493 3.629 1.722 1.907
5.087 3.3 1.497 1.803
6.677 4.091 1.511 2.58
8.342 5.822 1.919 3.903
5.631 3.781 1.622 2.159
5.257 3.469 1.587 1.882
5.122 3.35 1.447 1.903
5.337 3.538 1.572 1.966
5.439 3.507 1.582 1.925
7.485 5.478 1.548 3.93
5.632 3.694 1.692 2.002
5.259 3.437 1.527 1.91
5.298 3.474 1.47 2.004
5.525 3.68 1.761 1.919
5.62 3.792 1.667 2.125
5.319 3.477 1.501 1.976
5.569 3.706 1.669 2.037
5.623 3.661 1.557 2.104
5.601 3.767 1.661 2.106
5.614 3.722 1.732 1.99
5.348 3.537 1.572 1.965
5.521 3.719 1.615 2.104
5.444 3.644 1.777 1.867
5.538 3.461 1.518 1.943
5.445 3.499 1.509 1.99
5.244 3.313 1.521 1.792
5.251 3.454 1.513 1.941
5.489 3.495 1.564 1.931
5.619 3.727 1.53 2.197
5.224 3.388 1.494 1.894
5.204 3.417 1.523 1.894
5.069 3.305 1.458 1.847
5.065 3.323 1.456 1.867
5.534 3.67 1.672 1.998
5.506 3.542 1.584 1.958
5.327 3.555 1.544 2.011
5.498 3.695 1.671 2.024
5.614 3.789 1.75 2.039
5.161 3.395 1.582 1.813
5.367 3.309 1.442 1.867
5.294 3.41 1.47 1.94
5.461 3.502 1.509 1.993
5.192 3.306 1.501 1.805
5.199 3.338 1.496 1.842
5.033 3.284 1.497 1.787
5.002 3.2 1.42 1.78
5.263 3.407 1.497 1.91
5.451 3.41 1.48 1.93
5.425 3.364 1.577 1.787
5.272 3.383 1.518 1.865
5.135 3.254 1.457 1.797
5.224 3.304 1.403 1.901
5.685 3.84 1.744 2.096
5.772 3.862 1.71 2.152
5.439 3.572 1.623 1.949
5.425 3.589 1.674 1.915
5.025 3.258 1.448 1.81
5.503 3.665 1.604 2.061
5.705 3.691 1.634 2.057
5.339 3.458 1.502 1.956
5.601 3.587 1.538 2.049
5.306 3.422 1.539 1.883
5.464 3.482 1.542 1.94
5.357 3.376 1.525 1.851
5.066 3.313 1.471 1.842
5.632 3.752 1.668 2.084
5.473 3.605 1.621 1.984
5.135 3.333 1.508 1.825
5.386 3.298 1.516 1.782
5.16 3.28 1.479 1.801
5.474 3.594 1.634 1.96
5.285 3.514 1.711 1.803
5.021 3.239 1.477 1.762
5.033 3.282 1.466 1.816
5.718 3.898 1.658 2.24
5.559 3.634 1.58 2.054
5.212 3.415 1.526 1.889
5.136 3.377 1.51 1.867
5.065 3.265 1.476 1.789
5.459 3.521 1.51 2.011
5.307 3.549 1.596 1.953
5.159 3.405 1.458 1.947
5.81 3.917 1.799 2.118
5.35 3.557 1.609 1.948
5.161 3.378 1.516 1.862
5.021 3.259 1.495 1.764
5.026 3.266 1.517 1.749
5.133 3.355 1.513 1.842
5.113 3.245 1.472 1.773
5.109 3.331 1.505 1.826
5.754 3.762 1.607 2.155
5.536 3.577 1.68 1.897
5.36 3.552 1.702 1.85
5.324 3.444 1.639 1.805
5.708 3.763 1.637 2.126
5.253 3.458 1.538 1.92
5.18 3.391 1.436 1.955
5.261 3.474 1.545 1.929
5.153 3.345 1.511 1.834
5.434 3.48 1.532 1.948
5.161 3.393 1.514 1.879
5.188 3.427 1.512 1.915
5.001 3.224 1.431 1.793
5.074 3.314 1.487 1.827
5.032 3.272 1.46 1.812
5.223 3.445 1.509 1.936
5.051 3.256 1.473 1.783
5.275 3.489 1.597 1.892
5.215 3.446 1.508 1.938
5.453 3.46 1.555 1.905
5.758 3.882 1.729 2.153
5.465 3.694 1.584 2.11
5.531 3.767 1.541 2.226
5.124 3.367 1.53 1.837
5.045 3.268 1.477 1.791
5.248 3.489 1.483 2.006
5.503 3.503 1.534 1.969
5.165 3.372 1.459 1.913
5.371 3.548 1.653 1.895
5.876 3.945 1.739 2.206
5.679 3.776 1.7 2.076
5.421 3.426 1.532 1.894
5.386 3.62 1.76 1.86
5.085 3.31 1.515 1.795
5.091 3.338 1.544 1.794
5.221 3.345 1.503 1.842
5.463 3.471 1.51 1.961
5.244 3.452 1.581 1.871
5.273 3.487 1.505 1.982
5.318 3.492 1.511 1.981
5.226 3.37 1.577 1.793
5.133 3.369 1.562 1.807
5.204 3.449 1.573 1.876
5.352 3.457 1.581 1.876
5.207 3.428 1.616 1.812
5.223 3.446 1.598 1.848
5.56 3.762 1.785 1.977
5.937 3.792 1.613 2.179
5.296 3.448 1.577 1.871
5.164 3.276 1.492 1.784
5.178 3.421 1.51 1.911
5.135 3.379 1.448 1.931
5.298 3.498 1.586 1.912
5.023 3.273 1.447 1.826
4.99 3.255 1.485 1.77
5.04 3.251 1.481 1.77
5.051 3.276 1.501 1.775
5.527 3.516 1.483 2.033
6.077 3.837 1.719 2.118
5.278 3.406 1.541 1.865
5.244 3.414 1.507 1.907
5.184 3.39 1.547 1.843
5.463 3.598 1.693 1.905
6.934 4.046 1.606 2.44
5.903 3.515 1.589 1.926
5.386 3.581 1.739 1.842
7.881 4.979 1.851 3.128
6.097 3.663 1.568 2.095
6.148 4.128 1.693 2.435
5.896 3.809 1.686 2.123
5.302 3.354 1.456 1.898
5.897 3.885 1.655 2.23
5.569 3.633 1.646 1.987
5.269 3.482 1.623 1.859
5.438 3.558 1.739 1.819
5.127 3.245 1.46 1.785
5.457 3.509 1.529 1.98
5.334 3.488 1.569 1.919
5.405 3.403 1.525 1.878
5.099 3.328 1.502 1.826
4.941 3.177 1.421 1.756
5.165 3.412 1.523 1.889
5.598 3.766 1.68 2.086
5.422 3.556 1.65 1.906
4.997 3.196 1.462 1.734
5.167 3.404 1.496 1.908
5.269 3.497 1.599 1.898
5.355 3.551 1.64 1.911
5.749 3.722 1.62 2.102
5.664 3.599 1.517 2.082
5.615 3.781 1.687 2.094
5.342 3.537 1.614 1.923
5.23 3.473 1.558 1.915
5.488 3.606 1.61 1.996
5.184 3.336 1.52 1.816
5.042 3.269 1.476 1.793
5.42 3.664 1.629 2.035
5.606 3.782 1.718 2.064
5.311 3.416 1.508 1.908
5.696 3.546 1.519 2.027
5.937 4.047 1.768 2.279
5.85 3.834 1.688 2.146
5.456 3.561 1.644 1.917
5.279 3.438 1.549 1.889
5.084 3.309 1.469 1.84
5.231 3.397 1.527 1.87
5.479 3.539 1.553 1.986
5.132 3.358 1.525 1.833
5.042 3.278 1.489 1.789
5.693 3.627 1.699 1.928
5.279 3.486 1.596 1.89
5.318 3.538 1.542 1.996
5.503 3.661 1.606 2.055
5.664 3.688 1.58 2.108
5.407 3.518 1.591 1.927
5.587 3.751 1.62 2.131
5.515 3.616 1.673 1.943
5.265 3.482 1.579 1.903
5.485 3.552 1.528 2.024
5.251 3.411 1.516 1.895
5.644 3.758 1.619 2.139
5.604 3.545 1.613 1.932
5.356 3.579 1.604 1.975
5.512 3.695 1.608 2.087
5.292 3.513 1.549 1.964
5.349 3.549 1.579 1.97
5.542 3.649 1.614 2.035
5.447 3.405 1.542 1.863
5.075 3.297 1.515 1.782
5.548 3.496 1.583 1.913
5.722 3.692 1.498 2.194
5.458 3.581 1.589 1.992
5.05 3.217 1.43 1.787
5.661 3.664 1.662 2.002
5.923 3.928 1.66 2.268
5.478 3.606 1.633 1.973
5.21 3.363 1.541 1.822
6.819 3.961 1.506 2.455
5.971 3.686 1.648 2.038
5.586 3.808 1.684 2.124
5.548 3.771 1.774 1.997
5.202 3.443 1.631 1.812
5.268 3.484 1.543 1.941
5.539 3.6 1.606 1.994
5.306 3.422 1.503 1.919
5.216 3.453 1.5 1.953
5.21 3.425 1.56 1.865
5.185 3.398 1.587 1.811
5.365 3.581 1.611 1.97
5.203 3.354 1.55 1.804
5.138 3.356 1.47 1.886
5.233 3.402 1.503 1.899
5.08 3.142 1.398 1.744
5.203 3.358 1.506 1.852
5.227 3.341 1.508 1.833
4.946 3.154 1.41 1.744
5.029 3.259 1.492 1.767
5.342 3.589 1.627 1.962
5.967 3.929 1.767 2.162
5.689 3.704 1.648 2.056
5.845 3.895 1.713 2.182
5.541 3.676 1.635 2.041
5.33 3.529 1.633 1.896
5.671 3.73 1.593 2.137
5.445 3.451 1.571 1.88
5.474 3.537 1.526 2.011
5.341 3.443 1.566 1.877
5.391 3.442 1.502 1.94
5.068 3.3 1.5 1.8
5.217 3.469 1.526 1.943
5.302 3.516 1.552 1.964
5.1 3.359 1.462 1.897
5.362 3.578 1.616 1.962
5.202 3.403 1.516 1.887
5.215 3.425 1.496 1.929
5.282 3.491 1.554 1.937
5.191 3.411 1.547 1.864
5.087 3.22 1.457 1.763
5.437 3.593 1.543 2.05
5.567 3.548 1.556 1.992
5.512 3.651 1.591 2.06
5.39 3.382 1.578 1.804
5.412 3.56 1.487 2.073
5.391 3.446 1.509 1.937
5.278 3.335 1.406 1.929
5.345 3.53 1.578 1.952
5.257 3.406 1.521 1.885
5.093 3.153 1.415 1.738
4.922 3.161 1.347 1.814
5.403 3.547 1.604 1.943
5.539 3.544 1.699 1.845
5.424 3.486 1.516 1.97
5.179 3.362 1.5 1.862
4.891 3.116 1.385 1.731
4.975 3.222 1.493 1.729
5.479 3.419 1.487 1.932
5.48 3.477 1.589 1.888
5.427 3.602 1.629 1.973
5.313 3.464 1.552 1.912
5.265 3.46 1.52 1.94
5.373 3.549 1.565 1.984
5.11 3.337 1.468 1.869
5.203 3.474 1.61 1.864
5.534 3.692 1.583 2.109
5.383 3.423 1.507 1.916
5.054 3.282 1.498 1.784
5.178 3.333 1.472 1.861
5.26 3.393 1.505 1.888
5.211 3.271 1.504 1.767
5.472 3.458 1.497 1.961
5.319 3.51 1.49 2.02
5.302 3.509 1.608 1.901
5.209 3.423 1.504 1.919
5.335 3.361 1.517 1.844
5.215 3.458 1.458 2
5.498 3.636 1.574 2.062
5.492 3.61 1.556 2.054
5.383 3.407 1.526 1.881
5.009 3.266 1.447 1.819
6.744 3.903 1.474 2.429
6.211 3.711 1.666 2.045
5.537 3.704 1.667 2.037
5.773 3.884 1.786 2.098
5.608 3.694 1.614 2.08
5.754 3.829 1.628 2.201
5.515 3.732 1.696 2.036
5.289 3.467 1.563 1.904
5.308 3.543 1.517 2.026
5.679 3.671 1.595 2.076
5.514 3.688 1.626 2.062
5.535 3.639 1.533 2.106
5.558 3.587 1.63 1.957
5.597 3.572 1.58 1.992
5.426 3.456 1.525 1.931
5.227 3.421 1.517 1.904
5.347 3.452 1.514 1.938
5.496 3.484 1.553 1.931
5.368 3.462 1.516 1.946
5.107 3.243 1.488 1.755
5.208 3.459 1.579 1.88
5.331 3.581 1.503 2.078
5.545 3.654 1.6 2.054
5.512 3.648 1.606 2.042
5.132 3.368 1.514 1.854
5.034 3.274 1.486 1.788
5.002 3.204 1.415 1.789
5.242 3.454 1.62 1.834
5.108 3.295 1.505 1.79
5.849 4.008 2.124 1.884
5.122 3.294 1.482 1.812
5.326 3.543 1.62 1.923
6.148 4.14 1.935 2.205
5.595 3.56 1.563 1.997
5.413 3.595 1.536 2.059
5.912 3.822 1.781 2.041
5.589 3.733 1.66 2.073
5.183 3.369 1.525 1.844
4.948 3.127 1.368 1.759
5.047 3.282 1.483 1.799
7.616 5.635 1.595 4.04
6.05 4.077 1.731 2.346
5.46 3.526 1.573 1.953
5.201 3.408 1.579 1.829
5.138 3.292 1.503 1.789
5.324 3.419 1.503 1.916
5.016 3.197 1.438 1.759
5.1 3.347 1.51 1.837
5.425 3.428 1.513 1.915
4.959 3.157 1.398 1.759
5.228 3.455 1.509 1.946
5.403 3.609 1.635 1.974
5.743 3.875 1.707 2.168
5.451 3.548 1.538 2.01
5.161 3.314 1.459 1.855
5.331 3.406 1.547 1.859
5.014 3.262 1.44 1.822
5.457 3.455 1.497 1.958
5.522 3.558 1.577 1.981
5.176 3.4 1.539 1.861
5.369 3.624 1.541 2.083
5.795 3.928 1.659 2.269
5.344 3.409 1.548 1.861
5.392 3.451 1.505 1.946
4.941 3.153 1.382 1.771
5.078 3.313 1.474 1.839
5.691 3.61 1.6 2.01
5.307 3.424 1.586 1.838
5.303 3.42 1.51 1.91
5.159 3.357 1.512 1.845
5.403 3.433 1.531 1.902
5.085 3.311 1.509 1.802
5.019 3.279 1.485 1.794
4.979 3.229 1.48 1.749
5.014 3.258 1.415 1.843
5.201 3.426 1.452 1.974
5.474 3.62 1.569 2.051
5.309 3.52 1.556 1.964
5.133 3.324 1.455 1.869
5.361 3.5 1.53 1.97
5.165 3.406 1.529 1.877
7.274 5.452 1.475 3.977
5.738 3.864 1.726 2.138
5.627 3.639 1.638 2.001
5.507 3.545 1.643 1.902
5.092 3.309 1.477 1.832
5.453 3.536 1.52 2.016
5.456 3.641 1.718 1.923
5.341 3.552 1.653 1.899
5.75 3.759 1.607 2.152
5.324 3.352 1.517 1.835
5.243 3.285 1.471 1.814
5.696 3.718 1.611 2.107
5.704 3.797 1.706 2.091
5.132 3.339 1.48 1.859
5.06 3.318 1.488 1.83
5.379 3.425 1.513 1.912
5.001 3.24 1.469 1.771
5.341 3.497 1.506 1.991
5.427 3.502 1.558 1.944
5.244 3.421 1.52 1.901
5.371 3.364 1.503 1.861
5.492 3.439 1.505 1.934
5.339 3.455 1.518 1.937
5.489 3.512 1.519 1.993
5.357 3.526 1.533 1.993
5.146 3.355 1.472 1.883
5.487 3.683 1.628 2.055
5.48 3.567 1.519 2.048
7.863 6.013 3.086 2.927
5.485 3.593 1.594 1.999
5.522 3.653 1.575 2.078
5.373 3.583 1.626 1.957
5.156 3.398 1.51 1.888
5.174 3.426 1.584 1.842
5.541 3.725 1.705 2.02
5.692 3.548 1.56 1.988
5.265 3.241 1.398 1.843
5.484 3.592 1.551 2.041
5.105 3.351 1.525 1.826
5.18 3.325 1.493 1.832
5.124 3.389 1.431 1.958
5.315 3.506 1.653 1.853
5.223 3.462 1.606 1.856
5.599 3.773 1.712 2.061
5.331 3.506 1.573 1.933
5.344 3.396 1.5 1.896
5.145 3.382 1.573 1.809
5.083 3.288 1.498 1.79
5.042 3.273 1.464 1.809
5.06 3.315 1.517 1.798
5.577 3.68 1.618 2.062
5.662 3.608 1.597 2.011
5.348 3.436 1.566 1.87
5.327 3.34 1.49 1.85
5.176 3.443 1.475 1.968
5.567 3.583 1.6 1.983
5.449 3.553 1.556 1.997
5.342 3.341 1.524 1.817
5.021 3.273 1.523 1.75
5.06 3.308 1.5 1.808
5.452 3.565 1.547 2.018
5.427 3.586 1.611 1.975
5.05 3.26 1.441 1.819
5.084 3.275 1.45 1.825
5.408 3.361 1.502 1.859
5.565 3.546 1.62 1.926
5.739 3.714 1.658 2.056
5.523 3.474 1.542 1.932
5.306 3.487 1.526 1.961
5.223 3.422 1.503 1.919
5.17 3.388 1.525 1.863
5.046 3.296 1.442 1.854
5.159 3.391 1.506 1.885
5.24 3.479 1.562 1.917
5.056 3.291 1.489 1.802
5.223 3.374 1.499 1.875
5.148 3.367 1.521 1.846
5.057 3.306 1.481 1.825
5.264 3.324 1.485 1.839
4.871 3.113 1.369 1.744
5.031 3.231 1.453 1.778
5.09 3.299 1.485 1.814
5.063 3.207 1.472 1.735
5.145 3.374 1.508 1.866
5.159 3.393 1.491 1.902
5.161 3.352 1.484 1.868
5.38 3.586 1.584 2.002
5.464 3.543 1.589 1.954
5.326 3.42 1.593 1.827
5.29 3.534 1.5 2.034
5.634 3.845 1.612 2.233
5.708 3.901 1.749 2.152
5.279 3.439 1.522 1.917
5.087 3.311 1.466 1.845
5.075 3.298 1.495 1.803
5.46 3.618 1.515 2.103
5.4 3.501 1.51 1.991
5.106 3.363 1.523 1.84
5.359 3.498 1.6 1.898
5.642 3.644 1.602 2.042
5.353 3.554 1.587 1.967
5.306 3.523 1.514 2.009
5.515 3.687 1.585 2.102
5.261 3.474 1.563 1.911
5.195 3.409 1.488 1.921
5.212 3.447 1.528 1.919
5.365 3.558 1.567 1.991
5.144 3.318 1.449 1.869
5.385 3.434 1.513 1.921
5.742 3.858 1.617 2.241
5.348 3.42 1.489 1.931
5.106 3.305 1.492 1.813
5.1 3.301 1.474 1.827
5.543 3.704 1.636 2.068
5.54 3.618 1.715 1.903
5.653 3.645 1.591 2.054
5.618 3.724 1.668 2.056
5.801 3.89 1.758 2.132
5.181 3.334 1.487 1.847
5.058 3.284 1.481 1.803
5.389 3.398 1.494 1.904
5.239 3.467 1.555 1.912
5.409 3.536 1.535 2.001
5.611 3.56 1.597 1.963
5.162 3.377 1.522 1.855
5.152 3.343 1.483 1.86
5.435 3.513 1.53 1.983
5.551 3.505 1.535 1.97
5.312 3.52 1.543 1.977
5.142 3.372 1.48 1.892
5.079 3.32 1.452 1.868
5.186 3.403 1.493 1.91
5.23 3.423 1.524 1.899
5.411 3.587 1.655 1.932
7.482 5.603 1.589 4.014
7.514 5.466 1.642 3.824
5.529 3.57 1.64 1.93
6.069 3.938 1.851 2.087
5.186 3.43 1.519 1.911
5.176 3.411 1.44 1.971
5.235 3.329 1.509 1.82
4.965 3.207 1.449 1.758
5.174 3.41 1.497 1.913
5.106 3.287 1.487 1.8
5.015 3.257 1.464 1.793
6.724 3.886 1.51 2.376
6.251 3.796 1.652 2.144
5.269 3.428 1.495 1.933
5.161 3.379 1.498 1.881
5.487 3.623 1.592 2.031
5.554 3.672 1.595 2.077
5.35 3.537 1.616 1.921
5.264 3.473 1.481 1.992
5.103 3.317 1.457 1.86
5.191 3.332 1.49 1.842
5.255 3.351 1.515 1.836
5.054 3.286 1.446 1.84
5.132 3.347 1.503 1.844
5.44 3.612 1.632 1.98
5.396 3.576 1.565 2.011
5.816 3.867 1.714 2.153
5.49 3.501 1.653 1.848
5.5 3.552 1.638 1.914
5.405 3.62 1.587 2.033
5.316 3.478 1.484 1.994
5.522 3.582 1.536 2.046
5.372 3.593 1.593 2
5.076 3.334 1.463 1.871
5.029 3.294 1.436 1.858
5.914 3.928 1.622 2.306
5.367 3.382 1.534 1.848
5.028 3.281 1.489 1.792
5.088 3.311 1.487 1.824
5.423 3.522 1.473 2.049
5.904 3.874 1.839 2.035
5.277 3.501 1.627 1.874
5.275 3.459 1.563 1.896
5.786 3.794 1.686 2.108
5.278 3.452 1.605 1.847
5.623 3.615 1.511 2.104
5.838 3.921 1.881 2.04
5.388 3.558 1.552 2.006
5.096 3.302 1.454 1.848
5.278 3.378 1.58 1.798
5.504 3.556 1.528 2.028
5.216 3.445 1.555 1.89
5.237 3.382 1.537 1.845
5.305 3.368 1.533 1.835
5.191 3.34 1.498 1.842
5.259 3.245 1.482 1.763
5.363 3.449 1.511 1.938
5.357 3.395 1.506 1.889
5.398 3.236 1.505 1.731
5.463 3.695 1.593 2.102
5.666 3.912 1.632 2.28
5.6 3.776 1.713 2.063
5.163 3.383 1.496 1.887
5.299 3.485 1.453 2.032
5.52 3.578 1.624 1.954
5.263 3.497 1.566 1.931
5.307 3.537 1.57 1.967
5.493 3.602 1.624 1.978
5.385 3.497 1.554 1.943
5.754 3.918 1.776 2.142
5.762 3.83 1.711 2.119
5.117 3.289 1.45 1.839
4.948 3.189 1.431 1.758
5.356 3.551 1.576 1.975
5.774 3.712 1.581 2.131
5.451 3.428 1.572 1.856
5.075 3.261 1.47 1.791
5.416 3.453 1.503 1.95
5.154 3.316 1.442 1.874
5.288 3.386 1.492 1.894
5.253 3.395 1.516 1.879
5.199 3.419 1.42 1.999
5.668 3.639 1.647 1.992
5.538 3.736 1.688 2.048
5.444 3.421 1.56 1.861
5.107 3.319 1.502 1.817
4.983 3.239 1.482 1.757
5.029 3.25 1.453 1.797
5.497 3.485 1.51 1.975
5.227 3.424 1.529 1.895
6.086 3.68 1.627 2.053
5.296 3.514 1.552 1.962
5.358 3.564 1.55 2.014
5.099 3.335 1.505 1.83
5.448 3.438 1.525 1.913
5.264 3.451 1.517 1.934
5.516 3.668 1.568 2.1
5.383 3.39 1.512 1.878
5.154 3.413 1.489 1.924
5.055 3.297 1.474 1.823
5.07 3.298 1.519 1.779
5.839 3.813 1.647 2.166
5.494 3.607 1.658 1.949
5.21 3.382 1.437 1.945
5.074 3.3 1.443 1.857
5.163 3.391 1.441 1.95
5.273 3.497 1.605 1.892
5.117 3.342 1.503 1.839
5.053 3.294 1.508 1.786
5.133 3.355 1.509 1.846
5.349 3.579 1.551 2.028
5.438 3.478 1.534 1.944
5.44 3.407 1.493 1.914
5.632 3.71 1.622 2.088
5.214 3.421 1.522 1.899
5.541 3.543 1.504 2.039
5.147 3.371 1.528 1.843
5.183 3.387 1.503 1.884
5.268 3.345 1.518 1.827
4.994 3.24 1.498 1.742
5.338 3.447 1.522 1.925
5.403 3.587 1.583 2.004
5.501 3.692 1.642 2.05
5.284 3.472 1.53 1.942
5.353 3.4 1.526 1.874
5.127 3.365 1.489 1.876
5.183 3.419 1.605 1.814
5.134 3.371 1.613 1.758
5.086 3.305 1.504 1.801
5.651 3.636 1.502 2.134
5.519 3.615 1.661 1.954
5.429 3.56 1.649 1.911
5.253 3.407 1.503 1.904
5.806 3.758 1.597 2.161
5.498 3.578 1.69 1.888
5.245 3.345 1.507 1.838
5.152 3.363 1.52 1.843
5.393 3.428 1.549 1.879
5.314 3.459 1.5 1.959
5.335 3.444 1.52 1.924
5.149 3.302 1.493 1.809
5.331 3.563 1.61 1.953
5.377 3.56 1.615 1.945
5.516 3.68 1.621 2.059
5.442 3.517 1.584 1.933
5.342 3.472 1.488 1.984
5.506 3.556 1.531 2.025
5.328 3.547 1.55 1.997
5.352 3.538 1.622 1.916
5.331 3.545 1.606 1.939
5.565 3.771 1.558 2.213
5.977 4.046 1.696 2.35
5.502 3.479 1.549 1.93
5.546 3.612 1.522 2.09
5.384 3.47 1.624 1.846
5.472 3.504 1.614 1.89
5.627 3.576 1.508 2.068
5.504 3.398 1.651 1.747
4.995 3.225 1.445 1.78
5.2 3.235 1.468 1.767
5.49 3.427 1.524 1.903
5.646 3.737 1.537 2.2
5.528 3.542 1.547 1.995
5.15 3.37 1.488 1.882
5.198 3.383 1.476 1.907
5.525 3.787 1.624 2.163
5.528 3.716 1.709 2.007
5.469 3.619 1.549 2.07
5.299 3.454 1.571 1.883
5.384 3.406 1.511 1.895
5.314 3.487 1.637 1.85
5.54 3.617 1.604 2.013
5.224 3.29 1.516 1.774
5.418 3.402 1.489 1.913
5.057 3.3 1.502 1.798
5.508 3.659 1.525 2.134
5.259 3.432 1.501 1.931
5.788 3.716 1.537 2.179
5.442 3.501 1.555 1.946
5.389 3.454 1.508 1.946
5.351 3.554 1.599 1.955
5.329 3.527 1.537 1.99
5.208 3.411 1.511 1.9
6.053 4.227 1.818 2.409
6.333 4.483 2.049 2.434
6.673 4.686 1.745 2.941
5.45 3.455 1.606 1.849
5.439 3.608 1.53 2.078
5.882 4.055 1.688 2.367
6.072 4.12 1.747 2.373
5.363 3.368 1.522 1.846
5.745 3.813 1.592 2.221
5.378 3.487 1.642 1.845
5.519 3.633 1.53 2.103
5.479 3.55 1.523 2.027
5.298 3.474 1.518 1.956
5.628 3.865 1.629 2.236
5.64 3.895 1.684 2.211
5.521 3.594 1.629 1.965
5.226 3.293 1.49 1.803
5.158 3.403 1.577 1.826
5.176 3.31 1.503 1.807
5.278 3.397 1.497 1.9
5.07 3.289 1.494 1.795
5.16 3.339 1.496 1.843
5.324 3.53 1.631 1.899
5.275 3.48 1.658 1.822
5.7 3.691 1.642 2.049
5.671 3.618 1.621 1.997
5.511 3.705 1.682 2.023
5.283 3.483 1.582 1.901
5.067 3.277 1.512 1.765
5.251 3.356 1.547 1.809
5.543 3.451 1.502 1.949
5.4 3.473 1.529 1.944
5.138 3.321 1.544 1.777
5.396 3.412 1.498 1.914
5.598 3.547 1.506 2.041
5.33 3.458 1.551 1.907
5.058 3.302 1.449 1.853
5.518 3.713 1.564 2.149
5.338 3.537 1.642 1.895
5.326 3.443 1.532 1.911
5.743 3.678 1.554 2.124
5.667 3.754 1.762 1.992
5.279 3.484 1.464 2.02
5.366 3.561 1.58 1.981
5.399 3.512 1.546 1.966
5.31 3.297 1.495 1.802
5.387 3.366 1.496 1.87
5.368 3.411 1.507 1.904
5.192 3.309 1.47 1.839
7.545 5.569 1.512 4.057
5.478 3.637 1.591 2.046
5.707 3.807 1.674 2.133
5.526 3.681 1.813 1.868
5.639 3.805 1.707 2.098
5.26 3.422 1.487 1.935
5.519 3.451 1.551 1.9
5.27 3.381 1.474 1.907
5.605 3.57 1.624 1.946
5.559 3.674 1.616 2.058
5.445 3.42 1.504 1.916
5.209 3.238 1.467 1.771
5.057 3.292 1.483 1.809
5.657 3.577 1.516 2.061
5.322 3.443 1.539 1.904
5.053 3.272 1.486 1.786
5.143 3.313 1.475 1.838
5.212 3.371 1.474 1.897
5.483 3.525 1.57 1.955
5.816 3.747 1.603 2.144
5.519 3.589 1.534 2.055
5.669 3.725 1.591 2.134
5.491 3.524 1.528 1.996
5.607 3.709 1.707 2.002
5.243 3.444 1.59 1.854
5.139 3.36 1.576 1.784
5.425 3.377 1.591 1.786
5.234 3.457 1.629 1.828
5.473 3.661 1.667 1.994
5.306 3.465 1.559 1.906
5.491 3.631 1.59 2.041
5.616 3.614 1.652 1.962
5.716 3.582 1.569 2.013
5.26 3.397 1.521 1.876
5.42 3.642 1.534 2.108
5.481 3.627 1.532 2.095
5.484 3.551 1.588 1.963
5.869 3.825 1.65 2.175
5.472 3.605 1.669 1.936
5.149 3.234 1.426 1.808
5.574 3.592 1.555 2.037
5.409 3.561 1.567 1.994
5.168 3.377 1.512 1.865
5.071 3.302 1.52 1.782
5.054 3.223 1.448 1.775
5.146 3.312 1.48 1.832
5.437 3.459 1.53 1.929
5.496 3.48 1.556 1.924
5.169 3.358 1.5 1.858
5.493 3.659 1.629 2.03
5.218 3.448 1.526 1.922
5.228 3.234 1.466 1.768
5.304 3.497 1.585 1.912
5.705 3.726 1.619 2.107
5.408 3.571 1.657 1.914
5.694 3.772 1.738 2.034
5.554 3.458 1.507 1.951
5.188 3.411 1.494 1.917
5.938 3.51 1.566 1.944
5.063 3.27 1.458 1.812
5.385 3.615 1.664 1.951
5.995 4.135 1.843 2.292
5.792 3.859 1.728 2.131
5.519 3.719 1.736 1.983
6.082 4.101 1.754 2.347
5.405 3.501 1.53 1.971
5.29 3.52 1.565 1.955
5.169 3.408 1.585 1.823
5.615 3.755 1.633 2.122
5.344 3.373 1.529 1.844
5.634 3.664 1.523 2.141
5.404 3.577 1.612 1.965
5.476 3.669 1.71 1.959
5.228 3.42 1.573 1.847
5.317 3.494 1.587 1.907
5.61 3.655 1.71 1.945
5.483 3.507 1.663 1.844
5.43 3.531 1.594 1.937
5.245 3.328 1.489 1.839
5.35 3.523 1.531 1.992
5.58 3.556 1.518 2.038
5.354 3.474 1.543 1.931
5.551 3.672 1.594 2.078
5.607 3.629 1.649 1.98
5.452 3.637 1.636 2.001
5.198 3.384 1.485 1.899
5.755 3.667 1.669 1.998
5.51 3.624 1.601 2.023
5.314 3.545 1.632 1.913
5.079 3.306 1.476 1.83
5.058 3.292 1.507 1.785
5.434 3.472 1.554 1.918
5.21 3.294 1.491 1.803
5.419 3.538 1.595 1.943
5.386 3.591 1.653 1.938
5.205 3.384 1.56 1.824
5.456 3.447 1.521 1.926
5.434 3.462 1.475 1.987
5.204 3.413 1.531 1.882
5.405 3.434 1.523 1.911
5.361 3.588 1.604 1.984
5.708 3.891 1.716 2.175
5.154 3.324 1.452 1.872
4.999 3.254 1.434 1.82
5.685 3.699 1.717 1.982
5.293 3.5 1.621 1.879
5.679 3.703 1.496 2.207
5.244 3.492 1.572 1.92
5.112 3.353 1.515 1.838
5.338 3.534 1.533 2.001
5.27 3.504 1.546 1.958
5.485 3.664 1.527 2.137
5.475 3.586 1.599 1.987
5.045 3.265 1.445 1.82
5.118 3.328 1.502 1.826
5.394 3.505 1.539 1.966
5.062 3.319 1.498 1.821
4.987 3.239 1.472 1.767
5.139 3.331 1.483 1.848
5.364 3.38 1.522 1.858
5.493 3.444 1.509 1.935
5.613 3.632 1.536 2.096
5.383 3.49 1.546 1.944
5.124 3.358 1.504 1.854
5.442 3.633 1.578 2.055
5.217 3.403 1.477 1.926
5.047 3.308 1.477 1.831
5.037 3.283 1.483 1.8
5.124 3.376 1.503 1.873
5.793 3.759 1.583 2.176
5.433 3.552 1.641 1.911
5.158 3.237 1.466 1.771
4.99 3.248 1.453 1.795
5.148 3.4 1.517 1.883
5.192 3.416 1.507 1.909
5.518 3.579 1.62 1.959
5.353 3.588 1.658 1.93
5.589 3.798 1.708 2.09
9.946 7.993 3.155 4.838
5.462 3.583 1.666 1.917
7.365 5.42 1.521 3.899
6.192 3.933 1.806 2.127
5.58 3.742 1.644 2.098
5.876 3.883 1.892 1.991
5.432 3.449 1.554 1.895
5.042 3.291 1.458 1.833
5.389 3.587 1.568 2.019
5.44 3.527 1.518 2.009
5.298 3.301 1.53 1.771
5.396 3.577 1.523 2.054
5.183 3.399 1.567 1.832
5.031 3.265 1.486 1.779
5.462 3.608 1.508 2.1
5.452 3.431 1.55 1.881
5.283 3.515 1.529 1.986
5.556 3.72 1.654 2.066
5.554 3.687 1.686 2.001
5.031 3.257 1.442 1.815
4.986 3.227 1.481 1.746
5.37 3.484 1.497 1.987
5.187 3.363 1.497 1.866
5.457 3.657 1.659 1.998
5.575 3.781 1.684 2.097
5.262 3.5 1.524 1.976
5.455 3.643 1.701 1.942
5.48 3.627 1.666 1.961
5.33 3.55 1.557 1.993
5.647 3.653 1.65 2.003
5.276 3.487 1.623 1.864
5.042 3.256 1.481 1.775
5.097 3.177 1.409 1.768
5.346 3.421 1.516 1.905
5.614 3.756 1.673 2.083
5.333 3.392 1.579 1.813
5.125 3.349 1.505 1.844
5.487 3.482 1.539 1.943
5.531 3.575 1.582 1.993
5.28 3.507 1.585 1.922
5.39 3.587 1.589 1.998
5.578 3.631 1.595 2.036
5.365 3.452 1.546 1.906
5.485 3.538 1.497 2.041
5.89 3.965 1.756 2.209
5.686 3.79 1.629 2.161
5.574 3.795 1.67 2.125
5.254 3.435 1.529 1.906
5.326 3.53 1.557 1.973
5.414 3.611 1.676 1.935
5.103 3.316 1.518 1.798
5.219 3.361 1.51 1.851
5.142 3.282 1.495 1.787
5.45 3.491 1.497 1.994
5.55 3.633 1.591 2.042
6.114 4.125 1.723 2.402
5.923 3.876 1.734 2.142
5.566 3.709 1.662 2.047
5.433 3.614 1.604 2.01
5.449 3.619 1.607 2.012
5.403 3.597 1.549 2.048
5.424 3.605 1.564 2.041
5.421 3.576 1.627 1.949
5.602 3.798 1.607 2.191
5.499 3.623 1.661 1.962
5.328 3.516 1.596 1.92
5.132 3.343 1.531 1.812
5.521 3.617 1.605 2.012
5.542 3.67 1.604 2.066
5.193 3.394 1.599 1.795
5.23 3.392 1.512 1.88
5.48 3.483 1.551 1.932
5.207 3.384 1.555 1.829
5.614 3.506 1.51 1.996
5.398 3.386 1.507 1.879
5.633 3.475 1.577 1.898
5.408 3.537 1.596 1.941
5.492 3.666 1.577 2.089
5.538 3.627 1.629 1.998
5.157 3.306 1.508 1.798
5.405 3.416 1.482 1.934
5.513 3.534 1.574 1.96
5.042 3.255 1.471 1.784
5.218 3.322 1.496 1.826
5.319 3.39 1.592 1.798
5.298 3.417 1.502 1.915
5.445 3.454 1.514 1.94
5.319 3.443 1.515 1.928
5.428 3.513 1.532 1.981
5.657 3.617 1.523 2.094
5.267 3.353 1.545 1.808
5.351 3.488 1.5 1.988
5.788 3.693 1.605 2.088
5.553 3.683 1.667 2.016
5.558 3.553 1.637 1.916
5.817 3.978 1.74 2.238
5.603 3.669 1.579 2.09
5.122 3.305 1.442 1.863
5.206 3.434 1.48 1.954
5.297 3.497 1.546 1.951
5.046 3.286 1.467 1.819
4.933 3.145 1.393 1.752
5.108 3.336 1.483 1.853
5.489 3.667 1.61 2.057
5.856 3.789 1.694 2.095
5.346 3.556 1.557 1.999
5.262 3.51 1.63 1.88
5.262 3.44 1.674 1.766
5.087 3.274 1.484 1.79
5.562 3.544 1.509 2.035
5.579 3.549 1.603 1.946
5.162 3.373 1.511 1.862
5.116 3.359 1.48 1.879
5.219 3.384 1.51 1.874
5.503 3.545 1.551 1.994
5.278 3.508 1.524 1.984
5.491 3.694 1.68 2.014
5.286 3.453 1.577 1.876
5.494 3.751 1.663 2.088
5.293 3.512 1.678 1.834
5.084 3.288 1.492 1.796
5.753 3.694 1.506 2.188
5.161 3.236 1.462 1.774
5.641 3.629 1.557 2.072
5.476 3.59 1.554 2.036
5.375 3.58 1.545 2.035
5.184 3.383 1.495 1.888
5.351 3.38 1.535 1.845
5.174 3.382 1.52 1.862
5.385 3.568 1.552 2.016
5.291 3.506 1.557 1.949
5.035 3.268 1.438 1.83
5.11 3.338 1.498 1.84
5.131 3.289 1.527 1.762
5.322 3.442 1.497 1.945
5.75 3.545 1.601 1.944
5.697 3.784 1.722 2.062
5.455 3.455 1.503 1.952
5.191 3.395 1.505 1.89
5.283 3.431 1.527 1.904
5.382 3.399 1.488 1.911
5.319 3.52 1.502 2.018
5.391 3.514 1.555 1.959
5.219 3.373 1.467 1.906
5.154 3.324 1.51 1.814
5.169 3.382 1.573 1.809
5.321 3.539 1.6 1.939
5.358 3.578 1.613 1.965
5.472 3.475 1.539 1.936
5.226 3.431 1.504 1.927
5.204 3.406 1.536 1.87
4.956 3.182 1.412 1.77
4.976 3.218 1.449 1.769
5.346 3.557 1.511 2.046
5.245 3.444 1.587 1.857
5.211 3.366 1.498 1.868
5.255 3.509 1.505 2.004
5.487 3.461 1.672 1.789
5.324 3.533 1.489 2.044
5.398 3.597 1.586 2.011
5.058 3.267 1.473 1.794
5.066 3.227 1.472 1.755
5.146 3.378 1.517 1.861
5.22 3.287 1.489 1.798
5.319 3.414 1.494 1.92
5.012 3.253 1.488 1.765
5.242 3.408 1.624 1.784
5.207 3.398 1.515 1.883
5.569 3.559 1.572 1.987
4.896 3.104 1.377 1.727
5.21 3.355 1.489 1.866
5.828 3.703 1.576 2.127
5.592 3.702 1.67 2.032
5.539 3.678 1.627 2.051
5.533 3.59 1.585 2.005
5.181 3.386 1.474 1.912
5.062 3.323 1.448 1.875
5.132 3.392 1.494 1.898
5.316 3.408 1.54 1.868
5.19 3.419 1.486 1.933
5.274 3.499 1.559 1.94
5.452 3.651 1.716 1.935
4.979 3.186 1.415 1.771
5.22 3.343 1.532 1.811
5.298 3.468 1.616 1.852
5.322 3.497 1.607 1.89
5.278 3.485 1.698 1.787
5.326 3.515 1.635 1.88
5.738 3.833 1.76 2.073
6.636 4.409 2.023 2.386
5.448 3.474 1.587 1.887
5.4 3.578 1.691 1.887
5.573 3.727 1.67 2.057
5.082 3.256 1.465 1.791
5.211 3.281 1.499 1.782
5.244 3.429 1.535 1.894
5.4 3.45 1.505 1.945
5.43 3.559 1.575 1.984
5.498 3.448 1.525 1.923
6.84 4.957 1.502 3.455
5.483 3.599 1.567 2.032
5.301 3.469 1.531 1.938
5.345 3.478 1.584 1.894
5.35 3.401 1.511 1.89
5.237 3.309 1.527 1.782
5.409 3.358 1.535 1.823
5.419 3.463 1.531 1.932
5.255 3.467 1.521 1.946
5.308 3.348 1.585 1.763
4.993 3.241 1.448 1.793
5.015 3.239 1.484 1.755
5.415 3.547 1.521 2.026
5.923 3.894 1.693 2.201
6.053 4.095 1.941 2.154
5.42 3.546 1.667 1.879
5.125 3.306 1.493 1.813
5.338 3.305 1.464 1.841
5.312 3.342 1.554 1.788
5.27 3.35 1.502 1.848
5.332 3.506 1.566 1.94
4.999 3.228 1.501 1.727
5.192 3.427 1.535 1.892
5.302 3.533 1.519 2.014
5.594 3.769 1.678 2.091
5.694 3.787 1.706 2.081
5.713 3.837 1.751 2.086
5.551 3.702 1.592 2.11
5.5 3.655 1.671 1.984
5.514 3.682 1.632 2.05
5.585 3.718 1.663 2.055
5.68 3.586 1.59 1.996
5.462 3.455 1.63 1.825
5.227 3.351 1.468 1.883
5.652 3.621 1.519 2.102
6.286 4.17 1.832 2.338
5.286 3.361 1.518 1.843
5.054 3.306 1.504 1.802
4.946 3.187 1.461 1.726
5.026 3.265 1.464 1.801
5.324 3.428 1.527 1.901
5.484 3.447 1.529 1.918
5.227 3.438 1.653 1.785
5.434 3.661 1.733 1.928
5.448 3.61 1.587 2.023
5.071 3.33 1.522 1.808
5.169 3.396 1.465 1.931
5.416 3.59 1.582 2.008
5.181 3.36 1.524 1.836
5.239 3.461 1.451 2.01
5.329 3.528 1.553 1.975
5.174 3.388 1.525 1.863
5.261 3.384 1.527 1.857
5.151 3.369 1.523 1.846
5.212 3.268 1.489 1.779
5.693 3.668 1.668 2
5.417 3.611 1.626 1.985
5.809 3.846 1.592 2.254
5.669 3.774 1.664 2.11
5.247 3.357 1.523 1.834
5.356 3.384 1.511 1.873
5.268 3.481 1.465 2.016
5.234 3.463 1.556 1.907
5.113 3.361 1.52 1.841
5.381 3.602 1.545 2.057
5.359 3.569 1.558 2.011
5.282 3.458 1.523 1.935
5.484 3.484 1.58 1.904
5.362 3.481 1.519 1.962
5.259 3.382 1.469 1.913
5.724 3.738 1.709 2.029
5.492 3.5 1.524 1.976
5.257 3.44 1.521 1.919
5.054 3.134 1.387 1.747
5.226 3.404 1.494 1.91
5.498 3.497 1.453 2.044
5.262 3.213 1.443 1.77
5.433 3.494 1.545 1.949
5.446 3.473 1.524 1.949
5.363 3.523 1.529 1.994
5.353 3.568 1.536 2.032
5.421 3.607 1.559 2.048
5.183 3.389 1.55 1.839
5.41 3.458 1.469 1.989
5.29 3.491 1.582 1.909
5.203 3.407 1.517 1.89
5.063 3.239 1.469 1.77
5.239 3.473 1.508 1.965
5.235 3.459 1.537 1.922
5.14 3.342 1.496 1.846
5.483 3.598 1.514 2.084
5.448 3.611 1.551 2.06
5.218 3.381 1.522 1.859
5.518 3.658 1.619 2.039
5.488 3.486 1.633 1.853
5.188 3.419 1.56 1.859
5.25 3.497 1.494 2.003
5.087 3.318 1.499 1.819
5.022 3.258 1.469 1.789
5.146 3.275 1.451 1.824
5.42 3.479 1.518 1.961
5.52 3.538 1.542 1.996
5.32 3.476 1.622 1.854
5.482 3.641 1.646 1.995
5.434 3.604 1.636 1.968
5.578 3.706 1.639 2.067
5.393 3.595 1.583 2.012
5.088 3.326 1.513 1.813
5.041 3.29 1.501 1.789
5.192 3.413 1.478 1.935
5.309 3.527 1.555 1.972
5.137 3.313 1.501 1.812
5.413 3.355 1.481 1.874
5.284 3.346 1.446 1.9
5.445 3.511 1.608 1.903
5.393 3.525 1.68 1.845
5.621 3.676 1.658 2.018
5.053 3.249 1.485 1.764
5.057 3.277 1.505 1.772
5.261 3.483 1.607 1.876
5.498 3.442 1.585 1.857
5.485 3.628 1.688 1.94
5.71 3.613 1.631 1.982
5.398 3.481 1.566 1.915
5.445 3.526 1.559 1.967
5.411 3.593 1.587 2.006
5.339 3.521 1.587 1.934
4.936 3.191 1.441 1.75
5.23 3.411 1.531 1.88
4.96 3.183 1.461 1.722
5.566 3.72 1.519 2.201
5.467 3.533 1.537 1.996
5.237 3.404 1.519 1.885
5.162 3.271 1.473 1.798
5.378 3.488 1.519 1.969
5.338 3.435 1.508 1.927
5.171 3.367 1.502 1.865
5.274 3.512 1.531 1.981
5.257 3.445 1.53 1.915
5.229 3.451 1.463 1.988
5.26 3.482 1.575 1.907
5.141 3.377 1.517 1.86
4.901 3.123 1.347 1.776
5.165 3.341 1.531 1.81
5.562 3.679 1.692 1.987
5.396 3.553 1.565 1.988
5.456 3.614 1.545 2.069
5.141 3.372 1.524 1.848
5.34 3.379 1.498 1.881
5.842 3.812 1.527 2.285
5.236 3.448 1.538 1.91
5.051 3.308 1.455 1.853
5.386 3.375 1.51 1.865
5.533 3.463 1.535 1.928
5.275 3.493 1.505 1.988
5.323 3.564 1.613 1.951
5.115 3.337 1.512 1.825
5.013 3.246 1.481 1.765
5.048 3.296 1.491 1.805
5.253 3.356 1.499 1.857
5.56 3.54 1.509 2.031
5.299 3.477 1.584 1.893
5.465 3.718 1.569 2.149
5.104 3.362 1.453 1.909
5.119 3.365 1.495 1.87
5.585 3.556 1.619 1.937
5.64 3.807 1.64 2.167
5.767 3.819 1.624 2.195
5.103 3.258 1.449 1.809
5.172 3.401 1.513 1.888
5.893 4.004 1.852 2.152
5.94 4.033 1.807 2.226
5.74 3.845 1.708 2.137
5.377 3.489 1.532 1.957
5.216 3.431 1.566 1.865
5.324 3.455 1.577 1.878
5.711 3.822 1.621 2.201
5.602 3.665 1.584 2.081
5.353 3.516 1.567 1.949
5.47 3.701 1.792 1.909
5.547 3.64 1.613 2.027
5.355 3.458 1.551 1.907
5.309 3.515 1.586 1.929
5.039 3.275 1.475 1.8
5.266 3.462 1.546 1.916
5.318 3.512 1.544 1.968
5.313 3.508 1.552 1.956
7.841 6 2.046 3.954
5.828 3.877 1.719 2.158
5.583 3.703 1.662 2.041
5.402 3.492 1.594 1.898
5.654 3.622 1.603 2.019
5.368 3.511 1.509 2.002
5.414 3.604 1.583 2.021
5.168 3.402 1.515 1.887
5.383 3.585 1.456 2.129
5.537 3.652 1.649 2.003
5.158 3.379 1.504 1.875
5.138 3.396 1.507 1.889
5.326 3.572 1.616 1.956
5.394 3.606 1.696 1.91
5.16 3.278 1.499 1.779
5.188 3.248 1.508 1.74
5.13 3.256 1.478 1.778
5.435 3.511 1.541 1.97
5.35 3.523 1.513 2.01
5.278 3.414 1.538 1.876
5.525 3.743 1.687 2.056
5.603 3.689 1.622 2.067
5.492 3.455 1.535 1.92
5.389 3.362 1.584 1.778
5.584 3.488 1.529 1.959
5.584 3.657 1.622 2.035
6.235 3.792 1.793 1.999
5.301 3.487 1.463 2.024
5.486 3.594 1.583 2.011
5.388 3.48 1.552 1.928
5.072 3.302 1.473 1.829
5.257 3.468 1.602 1.866
5.317 3.475 1.642 1.833
5.051 3.297 1.498 1.799
5.166 3.395 1.509 1.886
5.308 3.52 1.601 1.919
5.202 3.428 1.594 1.834
5.466 3.591 1.598 1.993
5.604 3.757 1.692 2.065
5.366 3.529 1.571 1.958
5.214 3.439 1.522 1.917
5.037 3.278 1.453 1.825
5.246 3.363 1.508 1.855
5.682 3.583 1.569 2.014
5.352 3.467 1.532 1.935
5.022 3.256 1.486 1.77
5.651 3.818 1.604 2.214
5.463 3.496 1.545 1.951
5.338 3.384 1.526 1.858
5.248 3.275 1.519 1.756
5.472 3.455 1.514 1.941
5.075 3.273 1.471 1.802
5.092 3.334 1.416 1.918
5.399 3.611 1.565 2.046
5.394 3.604 1.659 1.945
5.8 3.715 1.716 1.999
5.286 3.438 1.665 1.773
5.502 3.692 1.553 2.139
5.777 3.867 1.8 2.067
5.081 3.228 1.434 1.794
5.053 3.277 1.487 1.79
5.27 3.45 1.558 1.892
5.58 3.573 1.627 1.946
5.235 3.309 1.46 1.849
5.219 3.343 1.547 1.796
5.095 3.322 1.471 1.851
5.306 3.439 1.491 1.948
7.082 4.126 1.621 2.505
6.093 3.688 1.58 2.108
5.319 3.496 1.597 1.899
5.103 3.348 1.472 1.876
5.006 3.27 1.464 1.806
4.943 3.199 1.422 1.777
5.458 3.406 1.519 1.887
5.694 3.719 1.609 2.11
5.728 3.85 1.679 2.171
5.346 3.462 1.524 1.938
5.323 3.544 1.578 1.966
5.37 3.597 1.66 1.937
5.889 3.984 1.718 2.266
5.472 3.523 1.628 1.895
4.991 3.218 1.465 1.753
5.211 3.449 1.496 1.953
5.377 3.574 1.578 1.996
5.393 3.592 1.647 1.945
5.362 3.535 1.611 1.924
5.698 3.692 1.574 2.118
5.327 3.522 1.573 1.949
4.991 3.248 1.443 1.805
5.04 3.293 1.478 1.815
5.07 3.267 1.514 1.753
4.994 3.248 1.481 1.767
5.194 3.417 1.516 1.901
5.151 3.352 1.561 1.791
5.471 3.499 1.592 1.907
5.621 3.65 1.6 2.05
5.222 3.447 1.623 1.824
5.427 3.465 1.593 1.872
5.102 3.304 1.518 1.786
5.017 3.249 1.492 1.757
5.374 3.426 1.506 1.92
5.205 3.416 1.521 1.895
5.194 3.393 1.52 1.873
5.299 3.405 1.511 1.894
4.993 3.251 1.436 1.815
4.951 3.187 1.407 1.78
5.297 3.447 1.532 1.915
5.058 3.296 1.495 1.801
5.029 3.263 1.508 1.755
5.107 3.308 1.448 1.86
5.612 3.555 1.542 2.013
5.127 3.332 1.503 1.829
5.259 3.52 1.507 2.013
5.33 3.554 1.584 1.97
5.178 3.374 1.52 1.854
5.219 3.341 1.495 1.846
5.472 3.494 1.495 1.999
5.245 3.44 1.565 1.875
5.099 3.33 1.499 1.831
5.309 3.551 1.591 1.96
5.461 3.68 1.654 2.026
5.488 3.441 1.506 1.935
5.356 3.468 1.525 1.943
5.502 3.609 1.576 2.033
5.104 3.348 1.502 1.846
5.197 3.336 1.478 1.858
4.96 3.169 1.395 1.774
5.366 3.38 1.524 1.856
5.475 3.638 1.541 2.097
5.379 3.527 1.549 1.978
5.211 3.422 1.494 1.928
5.487 3.658 1.633 2.025
5.749 3.734 1.618 2.116
5.237 3.431 1.534 1.897
5.368 3.596 1.679 1.917
5.32 3.543 1.587 1.956
5.438 3.622 1.616 2.006
5.528 3.739 1.709 2.03
5.203 3.352 1.495 1.857
5.311 3.42 1.507 1.913
6.091 3.874 1.807 2.067
5.574 3.734 1.733 2.001
5.48 3.685 1.558 2.127
5.719 3.918 1.762 2.156
5.193 3.368 1.526 1.842
5.308 3.563 1.604 1.959
5.966 4.072 1.802 2.27
5.394 3.401 1.51 1.891
5.389 3.478 1.518 1.96
5.302 3.417 1.516 1.901
5.025 3.26 1.477 1.783
5.292 3.423 1.508 1.915
5.579 3.474 1.534 1.94
5.494 3.552 1.516 2.036
5.311 3.541 1.618 1.923
5.096 3.319 1.485 1.834
5.03 3.291 1.477 1.814
5.201 3.436 1.519 1.917
5.312 3.521 1.527 1.994
5.196 3.383 1.513 1.87
5.31 3.514 1.636 1.878
5.319 3.513 1.652 1.861
5.287 3.514 1.64 1.874
5.836 3.729 1.669 2.06
5.532 3.486 1.538 1.948
5.452 3.466 1.506 1.96
5.193 3.308 1.513 1.795
5.431 3.556 1.529 2.027
5.172 3.423 1.526 1.897
5.629 3.552 1.724 1.828
5.329 3.509 1.597 1.912
5.32 3.506 1.629 1.877
7.934 6.038 1.628 4.41
5.409 3.485 1.66 1.825
5.346 3.556 1.618 1.938
5.819 3.881 1.891 1.99
5.629 3.729 1.539 2.19
5.507 3.598 1.713 1.885
5.401 3.622 1.597 2.025
5.456 3.6 1.632 1.968
5.203 3.396 1.54 1.856
5.057 3.261 1.471 1.79
5.122 3.348 1.515 1.833
5.023 3.208 1.408 1.8
5.446 3.522 1.659 1.863
5.668 3.645 1.632 2.013
5.893 3.541 1.715 1.826
5.615 3.677 1.647 2.03
5.716 3.927 1.711 2.216
5.339 3.584 1.627 1.957
5.002 3.263 1.44 1.823
5.171 3.288 1.509 1.779
5.103 3.313 1.501 1.812
5.761 3.801 1.677 2.124
5.539 3.636 1.606 2.03
5.116 3.336 1.48 1.856
5.286 3.404 1.484 1.92
5.464 3.419 1.503 1.916
5.562 3.601 1.522 2.079
5.201 3.393 1.498 1.895
5.131 3.357 1.513 1.844
5.301 3.33 1.52 1.81
5.325 3.553 1.506 2.047
5.902 4.062 1.825 2.237
5.339 3.471 1.556 1.915
5.145 3.362 1.525 1.837
5.137 3.269 1.473 1.796
5.618 3.549 1.48 2.069
5.258 3.245 1.482 1.763
5.107 3.351 1.491 1.86
5.87 3.757 1.63 2.127
5.827 3.709 1.719 1.99
5.578 3.677 1.684 1.993
5.326 3.516 1.636 1.88
5.271 3.422 1.606 1.816
5.379 3.579 1.7 1.879
5.262 3.453 1.509 1.944
5.592 3.788 1.603 2.185
6.03 4.029 1.827 2.202
5.202 3.334 1.468 1.866
5.231 3.394 1.464 1.93
5.688 3.719 1.845 1.874
5.491 3.678 1.596 2.082
5.53 3.688 1.692 1.996
5.413 3.608 1.618 1.99
5.573 3.668 1.662 2.006
5.22 3.4 1.592 1.808
5.352 3.487 1.654 1.833
5.555 3.557 1.621 1.936
5.791 3.812 1.697 2.115
5.538 3.574 1.544 2.03
5.329 3.552 1.585 1.967
5.174 3.348 1.592 1.756
5.016 3.246 1.472 1.774
5.386 3.607 1.607 2
5.665 3.612 1.679 1.933
5.343 3.423 1.502 1.921
5.172 3.367 1.504 1.863
4.899 3.139 1.386 1.753
5.116 3.274 1.459 1.815
5.104 3.246 1.481 1.765
5.14 3.333 1.418 1.915
5.415 3.62 1.594 2.026
5.333 3.31 1.536 1.774
5.544 3.553 1.602 1.951
5.234 3.389 1.528 1.861
5.121 3.3 1.503 1.797
5.171 3.295 1.545 1.75
5.038 3.289 1.515 1.774
5.168 3.411 1.528 1.883
5.134 3.337 1.555 1.782
5.733 3.848 1.572 2.276
5.431 3.513 1.576 1.937
5.145 3.377 1.512 1.865
5.164 3.281 1.502 1.779
5.198 3.414 1.521 1.893
5.063 3.302 1.526 1.776
4.957 3.21 1.419 1.791
5.142 3.288 1.456 1.832
5.487 3.454 1.559 1.895
5.283 3.478 1.486 1.992
5.415 3.58 1.545 2.035
5.338 3.541 1.586 1.955
5.141 3.369 1.523 1.846
5.033 3.281 1.486 1.795
5.379 3.457 1.544 1.913
5.142 3.341 1.49 1.851
5.333 3.329 1.467 1.862
5.722 3.817 1.686 2.131
5.393 3.517 1.569 1.948
5.466 3.523 1.542 1.981
5.249 3.487 1.558 1.929
5.051 3.295 1.469 1.826
5.303 3.467 1.497 1.97
5.222 3.406 1.51 1.896
5.233 3.453 1.437 2.016
5.498 3.679 1.689 1.99
5.32 3.504 1.54 1.964
5.449 3.448 1.517 1.931
5.067 3.28 1.489 1.791
5.007 3.254 1.488 1.766
5.278 3.459 1.51 1.949
5.872 3.909 1.715 2.194
5.371 3.518 1.597 1.921
5.321 3.426 1.542 1.884
5.319 3.428 1.573 1.855
5.242 3.481 1.492 1.989
5.243 3.469 1.57 1.899
5.118 3.337 1.464 1.873
5.033 3.275 1.435 1.84
5.213 3.299 1.53 1.769
5.573 3.748 1.612 2.136
5.495 3.611 1.586 2.025
5.472 3.652 1.607 2.045
5.65 3.704 1.649 2.055
5.903 3.8 1.605 2.195
5.345 3.497 1.574 1.923
5.162 3.198 1.44 1.758
5.057 3.291 1.495 1.796
5.117 3.255 1.478 1.777
5.415 3.664 1.66 2.004
5.226 3.446 1.59 1.856
4.999 3.242 1.473 1.769
4.961 3.172 1.429 1.743
5.725 3.653 1.605 2.048
5.504 3.585 1.619 1.966
5.431 3.422 1.567 1.855
5.508 3.437 1.514 1.923
5.657 3.586 1.628 1.958
5.552 3.653 1.653 2
5.471 3.583 1.633 1.95
5.251 3.478 1.507 1.971
5.322 3.526 1.515 2.011
5.322 3.499 1.507 1.992
5.334 3.487 1.466 2.021
5.242 3.297 1.485 1.812
5.451 3.443 1.495 1.948
5.509 3.487 1.543 1.944
5.176 3.199 1.411 1.788
5.229 3.348 1.52 1.828
5.066 3.295 1.55 1.745
5.495 3.629 1.547 2.082
5.288 3.42 1.541 1.879
5.627 3.669 1.583 2.086
5.335 3.544 1.543 2.001
5.414 3.564 1.575 1.989
5.501 3.662 1.729 1.933
5.403 3.475 1.66 1.815
5.231 3.467 1.651 1.816
5.337 3.453 1.545 1.908
5.57 3.655 1.625 2.03
5.656 3.815 1.665 2.15
6.087 3.562 1.603 1.959
5.313 3.493 1.582 1.911
5.769 3.758 1.585 2.173
5.799 3.867 1.692 2.175
5.207 3.35 1.502 1.848
5.277 3.519 1.646 1.873
5.533 3.669 1.624 2.045
5.084 3.249 1.463 1.786
5.218 3.451 1.546 1.905
5.326 3.561 1.57 1.991
5.251 3.487 1.544 1.943
5.156 3.36 1.555 1.805
5.005 3.26 1.451 1.809
5.385 3.373 1.474 1.899
5.163 3.305 1.486 1.819
5.174 3.273 1.485 1.788
5.19 3.352 1.457 1.895
8.11 6.026 2.212 3.814
5.339 3.422 1.56 1.862
5.143 3.342 1.505 1.837
5.605 3.647 1.712 1.935
5.687 3.656 1.596 2.06
5.182 3.404 1.495 1.909
5.575 3.796 1.674 2.122
6.052 4.128 1.876 2.252
6.474 4.667 1.828 2.839
5.931 4.116 1.844 2.272
5.654 3.78 1.702 2.078
5.886 3.995 1.59 2.405
5.884 3.847 1.704 2.143
5.858 3.963 1.735 2.228
5.937 4.006 1.718 2.288
6.752 4.686 1.923 2.763
6.986 4.753 2.025 2.728
6.513 4.362 1.801 2.561
6.741 4.605 1.915 2.69
6.576 4.456 1.763 2.693
7.218 4.625 1.873 2.752
6.162 4.206 1.839 2.367
6.104 4.154 1.765 2.389
6.367 4.29 1.801 2.489
6.517 4.426 1.887 2.539
6.591 4.463 1.815 2.648
6.315 4.222 1.823 2.399
6.517 4.455 1.867 2.588
6.423 4.341 1.926 2.415
6.044 4.127 1.818 2.309
6.109 4.223 1.819 2.404
6.629 4.702 1.959 2.743
6.438 4.568 1.89 2.678
6.873 4.767 1.99 2.777
6.25 4.342 1.79 2.552
6.635 4.531 1.928 2.603
6.707 4.617 1.901 2.716
6.374 4.306 1.833 2.473
6.325 4.366 1.835 2.531
6.709 4.593 1.937 2.656
6.523 4.392 1.78 2.612
6.749 4.608 1.911 2.697
6.403 4.332 1.834 2.498
6.453 4.47 1.847 2.623
6.36 4.323 1.807 2.516
6.588 4.579 1.933 2.646
6.237 4.352 1.833 2.519
6.497 4.403 1.977 2.426
6.476 4.396 1.791 2.605
6.36 4.196 1.696 2.5
6.348 4.249 1.713 2.536
6.349 4.215 1.764 2.451
6.164 4.102 1.659 2.443
6.209 4.164 1.772 2.392
6.223 4.205 1.722 2.483
5.925 3.99 1.666 2.324
6.141 4.158 1.744 2.414
6.666 4.682 2.044 2.638
6.497 4.373 1.895 2.478
6.544 4.46 1.793 2.667
6.492 4.327 1.852 2.475
6.827 4.779 1.905 2.874
6.435 4.382 1.853 2.529
6.638 4.667 1.934 2.733
6.568 4.641 1.821 2.82
6.148 4.092 1.815 2.277
5.938 4.066 1.767 2.299
6.437 4.411 1.866 2.545
6.606 4.514 1.939 2.575
6.239 4.198 1.886 2.312
6.466 4.467 1.891 2.576
6.527 4.461 1.901 2.56
6.543 4.518 2.034 2.484
6.189 4.195 1.936 2.259
6.429 4.523 1.902 2.621
6.631 4.575 1.894 2.681
6.46 4.364 1.817 2.547
6.803 4.719 1.938 2.781
6.705 4.538 1.865 2.673
6.618 4.53 1.847 2.683
6.802 4.651 1.922 2.729
6.207 4.251 1.924 2.327
5.813 3.8 1.652 2.148
5.592 3.692 1.577 2.115
5.807 3.827 1.641 2.186
5.78 3.836 1.641 2.195
7.81 4.783 1.729 3.054
6.12 4.167 1.833 2.334
6.022 4.084 1.77 2.314
6.805 4.668 2.004 2.664
6.474 4.42 1.816 2.604
6.465 4.306 1.823 2.483
6.816 4.677 1.886 2.791
6.4 4.246 1.767 2.479
6.472 4.566 1.865 2.701
6.328 4.421 2.013 2.408
6.101 4.214 1.86 2.354
6.016 4.056 1.772 2.284
6.508 4.533 1.88 2.653
6.381 4.261 1.775 2.486
6.706 4.595 1.877 2.718
5.949 3.944 1.717 2.227
6.782 4.732 1.953 2.779
6.761 4.637 1.894 2.743
6.506 4.336 1.794 2.542
6.889 4.821 1.913 2.908
6.397 4.337 1.818 2.519
6.942 4.817 1.919 2.898
6.95 4.772 1.892 2.88
6.314 4.26 1.807 2.453
6.533 4.375 1.776 2.599
6.727 4.641 1.916 2.725
6.564 4.414 1.855 2.559
6.448 4.358 1.788 2.57
6.523 4.495 1.796 2.699
6.552 4.377 1.794 2.583
5.965 3.951 1.724 2.227
5.919 3.926 1.714 2.212
5.481 3.621 1.738 1.883
5.294 3.531 1.615 1.916
5.408 3.462 1.509 1.953
5.711 3.694 1.671 2.023
5.65 3.757 1.693 2.064
5.218 3.438 1.509 1.929
5.261 3.433 1.524 1.909
5.474 3.507 1.508 1.999
5.246 3.472 1.535 1.937
5.011 3.243 1.475 1.768
5.041 3.292 1.488 1.804
5.263 3.5 1.485 2.015
5.141 3.371 1.531 1.84
5.25 3.318 1.507 1.811
5.349 3.545 1.56 1.985
5.501 3.655 1.588 2.067
5.211 3.369 1.525 1.844
5.163 3.395 1.589 1.806
5.317 3.468 1.57 1.898
5.012 3.251 1.477 1.774
5.598 3.588 1.615 1.973
5.549 3.697 1.691 2.006
5.034 3.24 1.473 1.767
5.06 3.309 1.45 1.859
5.214 3.258 1.471 1.787
5.642 3.593 1.532 2.061
5.567 3.637 1.623 2.014
5.384 3.434 1.534 1.9
5.126 3.35 1.508 1.842
7.719 5.911 2.889 3.022
5.5 3.632 1.52 2.112
5.45 3.663 1.661 2.002
5.368 3.573 1.636 1.937
5.5 3.495 1.509 1.986
5.447 3.503 1.536 1.967
5.253 3.492 1.548 1.944
5.163 3.408 1.461 1.947
5.234 3.48 1.604 1.876
5.331 3.487 1.639 1.848
5.36 3.393 1.482 1.911
5.647 3.767 1.52 2.247
5.237 3.416 1.49 1.926
5.09 3.312 1.492 1.82
5.168 3.416 1.482 1.934
5.743 3.818 1.594 2.224
5.373 3.455 1.563 1.892
5.977 4.062 1.744 2.318
5.777 3.755 1.648 2.107
5.167 3.354 1.535 1.819
5.16 3.399 1.538 1.861
5.34 3.348 1.521 1.827
5.379 3.415 1.508 1.907
5.663 3.787 1.55 2.237
5.767 3.908 1.75 2.158
5.435 3.61 1.641 1.969
5.724 3.927 1.726 2.201
5.137 3.351 1.549 1.802
5.538 3.682 1.618 2.064
5.727 3.963 1.774 2.189
5.417 3.608 1.546 2.062
5.711 3.648 1.526 2.122
5.896 3.931 1.92 2.011
5.427 3.555 1.615 1.94
5.399 3.579 1.659 1.92
5.191 3.265 1.486 1.779
5.508 3.46 1.54 1.92
5.496 3.609 1.608 2.001
5.551 3.476 1.536 1.94
5.071 3.295 1.501 1.794
5.393 3.498 1.614 1.884
5.695 3.875 1.784 2.091
5.448 3.633 1.691 1.942
5.631 3.779 1.724 2.055
5.551 3.71 1.671 2.039
5.661 3.826 1.666 2.16
5.208 3.388 1.525 1.863
4.937 3.179 1.403 1.776
5.197 3.447 1.606 1.841
5.3 3.484 1.631 1.853
5.152 3.326 1.503 1.823
5.39 3.449 1.495 1.954
5.237 3.428 1.522 1.906
5.209 3.329 1.493 1.836
5.032 3.288 1.493 1.795
5.047 3.286 1.498 1.788
5.091 3.246 1.48 1.766
5.054 3.259 1.425 1.834
5.475 3.631 1.701 1.93
5.822 3.866 1.69 2.176
5.712 3.775 1.608 2.167
5.558 3.68 1.676 2.004
5.207 3.413 1.511 1.902
5.752 3.653 1.603 2.05
5.292 3.422 1.532 1.89
5.011 3.255 1.487 1.768
5.095 3.333 1.539 1.794
5.036 3.28 1.507 1.773
5.008 3.238 1.45 1.788
5.473 3.662 1.648 2.014
5.899 3.83 1.582 2.248
5.382 3.496 1.513 1.983
5.912 3.979 1.813 2.166
5.389 3.603 1.599 2.004
5.496 3.489 1.532 1.957
5.235 3.38 1.519 1.861
5.16 3.37 1.52 1.85
5.011 3.259 1.485 1.774
4.951 3.18 1.398 1.782
5.002 3.25 1.48 1.77
5.324 3.49 1.619 1.871
5.532 3.56 1.662 1.898
5.412 3.41 1.496 1.914
5.122 3.349 1.494 1.855
5.141 3.374 1.534 1.84
5.177 3.346 1.501 1.845
5.675 3.707 1.589 2.118
5.668 3.755 1.719 2.036
5.195 3.386 1.536 1.85
5.074 3.302 1.502 1.8
5.042 3.152 1.393 1.759
5.559 3.585 1.513 2.072
5.533 3.538 1.594 1.944
5.684 3.7 1.689 2.011
5.165 3.382 1.478 1.904
5.032 3.289 1.462 1.827
5.032 3.258 1.491 1.767
5.078 3.323 1.491 1.832
5.468 3.513 1.535 1.978
5.203 3.423 1.579 1.844
5.477 3.626 1.555 2.071
5.898 3.699 1.614 2.085
5.395 3.547 1.583 1.964
5.145 3.357 1.462 1.895
5.249 3.331 1.477 1.854
5.662 3.639 1.562 2.077
5.469 3.627 1.609 2.018
5.441 3.618 1.731 1.887
5.218 3.392 1.599 1.793
5.433 3.485 1.534 1.951
5.551 3.678 1.504 2.174
5.51 3.591 1.658 1.933
5.299 3.491 1.543 1.948
5.356 3.52 1.56 1.96
5.264 3.386 1.488 1.898
5.326 3.484 1.489 1.995
5.768 3.912 1.725 2.187
5.816 3.89 1.721 2.169
6.064 4.105 1.794 2.311
5.498 3.656 1.746 1.91
5.474 3.583 1.578 2.005
5.431 3.521 1.519 2.002
5.122 3.365 1.543 1.822
5.197 3.433 1.581 1.852
5.571 3.742 1.566 2.176
5.692 3.696 1.651 2.045
5.352 3.519 1.605 1.914
5.074 3.277 1.533 1.744
4.968 3.215 1.505 1.71
5.574 3.763 1.67 2.093
5.496 3.66 1.624 2.036
5.738 3.695 1.639 2.056
5.418 3.597 1.515 2.082
5.272 3.476 1.591 1.885
5.488 3.638 1.576 2.062
5.411 3.459 1.585 1.874
5.54 3.609 1.73 1.879
5.861 3.833 1.649 2.184
5.255 3.356 1.504 1.852
5.082 3.316 1.556 1.76
5.38 3.543 1.5 2.043
5.505 3.57 1.574 1.996
5.213 3.428 1.553 1.875
5.027 3.281 1.452 1.829
5.001 3.258 1.446 1.812
5.082 3.185 1.434 1.751
5.236 3.452 1.468 1.984
5.376 3.602 1.582 2.02
5.304 3.491 1.569 1.922
5.008 3.253 1.481 1.772
5.44 3.641 1.54 2.101
5.448 3.616 1.625 1.991
5.194 3.401 1.551 1.85
5.364 3.505 1.62 1.885
5.89 3.933 1.82 2.113
5.369 3.491 1.499 1.992
5.336 3.53 1.565 1.965
5.113 3.316 1.453 1.863
5.13 3.382 1.521 1.861
5.128 3.374 1.508 1.866
5.046 3.275 1.478 1.797
5.316 3.443 1.511 1.932
5.545 3.585 1.554 2.031
5.348 3.462 1.544 1.918
5.282 3.35 1.492 1.858
5.415 3.466 1.523 1.943
5.494 3.44 1.492 1.948
5.405 3.538 1.533 2.005
5.522 3.549 1.56 1.989
5.67 3.746 1.553 2.193
5.112 3.313 1.458 1.855
5.463 3.456 1.468 1.988
5.139 3.355 1.516 1.839
5.089 3.327 1.493 1.834
5.619 3.719 1.561 2.158
5.567 3.545 1.668 1.877
5.283 3.429 1.495 1.934
5.683 3.555 1.695 1.86
5.513 3.494 1.526 1.968
5.314 3.469 1.507 1.962
5.694 3.663 1.618 2.045
5.414 3.576 1.564 2.012
5.283 3.454 1.516 1.938
5.397 3.594 1.679 1.915
5.28 3.464 1.646 1.818
5.368 3.574 1.606 1.968
5.639 3.813 1.678 2.135
5.572 3.59 1.598 1.992
5.362 3.558 1.626 1.932
5.18 3.384 1.565 1.819
5.134 3.363 1.513 1.85
5.354 3.478 1.503 1.975
5.298 3.492 1.576 1.916
5.214 3.408 1.49 1.918
5.271 3.463 1.517 1.946
5.439 3.516 1.521 1.995
5.544 3.508 1.507 2.001
5.306 3.422 1.564 1.858
5.392 3.453 1.515 1.938
5.263 3.456 1.504 1.952
5.188 3.214 1.42 1.794
5.43 3.607 1.488 2.119
5.701 3.644 1.632 2.012
5.571 3.499 1.715 1.784
5.555 3.595 1.527 2.068
5.605 3.755 1.676 2.079
5.734 3.856 1.691 2.165
5.322 3.449 1.536 1.913
5.173 3.361 1.467 1.894
5.37 3.534 1.712 1.822
5.5 3.674 1.767 1.907
5.351 3.528 1.628 1.9
6.234 4.314 2.078 2.236
5.226 3.426 1.57 1.856
5.736 3.724 1.649 2.075
5.953 3.816 1.79 2.026
5.493 3.683 1.682 2.001
5.487 3.659 1.68 1.979
5.033 3.16 1.369 1.791
5.367 3.442 1.514 1.928
5.177 3.426 1.565 1.861
5.669 3.894 1.614 2.28
5.421 3.653 1.596 2.057
5.347 3.497 1.592 1.905
5.098 3.313 1.437 1.876
5.287 3.509 1.587 1.922
5.924 4.024 1.789 2.235
5.565 3.601 1.608 1.993
5.229 3.364 1.495 1.869
4.942 3.187 1.42 1.767
5.108 3.33 1.483 1.847
5.493 3.541 1.604 1.937
5.414 3.551 1.683 1.868
5.59 3.67 1.649 2.021
5.389 3.573 1.604 1.969
4.985 3.208 1.445 1.763
5.07 3.324 1.487 1.837
5.478 3.721 1.554 2.167
5.33 3.553 1.585 1.968
5.102 3.361 1.471 1.89
5.34 3.53 1.447 2.083
5.463 3.602 1.653 1.949
5.319 3.431 1.6 1.831
5.627 3.737 1.617 2.12
5.428 3.439 1.512 1.927
5.141 3.319 1.468 1.851
5.052 3.299 1.476 1.823
5.342 3.46 1.496 1.964
5.566 3.651 1.606 2.045
5.564 3.756 1.667 2.089
5.178 3.338 1.507 1.831
5.222 3.352 1.494 1.858
5.693 3.756 1.67 2.086
5.375 3.539 1.61 1.929
5.284 3.494 1.468 2.026
5.297 3.469 1.573 1.896
5.416 3.497 1.503 1.994
5.391 3.403 1.503 1.9
5.216 3.445 1.507 1.938
5.227 3.38 1.476 1.904
5.364 3.474 1.502 1.972
5.7 3.575 1.628 1.947
5.192 3.157 1.384 1.773
5.518 3.568 1.55 2.018
5.152 3.372 1.553 1.819
5.203 3.444 1.495 1.949
5.385 3.584 1.642 1.942
5.124 3.311 1.492 1.819
4.985 3.239 1.488 1.751
5.104 3.34 1.539 1.801
5.084 3.299 1.397 1.902
5.549 3.649 1.631 2.018
5.264 3.406 1.484 1.922
5.557 3.539 1.72 1.819
6.025 3.83 1.847 1.983
5.711 3.812 1.623 2.189
5.254 3.406 1.516 1.89
5.577 3.479 1.507 1.972
5.312 3.386 1.487 1.899
5.336 3.461 1.522 1.939
5.508 3.681 1.634 2.047
5.414 3.538 1.528 2.01
5.267 3.48 1.545 1.935
5.057 3.284 1.506 1.778
5.055 3.312 1.48 1.832
5.388 3.602 1.581 2.021
5.653 3.616 1.617 1.999
5.447 3.644 1.7 1.944
5.452 3.454 1.514 1.94
5.045 3.271 1.485 1.786
5.204 3.43 1.525 1.905
5.617 3.808 1.702 2.106
5.496 3.65 1.693 1.957
5.673 3.792 1.755 2.037
5.415 3.571 1.61 1.961
5.638 3.799 1.728 2.071
5.518 3.599 1.648 1.951
5.229 3.405 1.512 1.893
5.085 3.291 1.47 1.821
5.645 3.536 1.642 1.894
5.324 3.562 1.536 2.026
5.384 3.484 1.543 1.941
5.777 3.645 1.698 1.947
5.364 3.45 1.498 1.952
5.24 3.376 1.447 1.929
5.197 3.323 1.418 1.905
5.522 3.694 1.64 2.054
5.421 3.555 1.657 1.898
5.712 3.697 1.641 2.056
5.458 3.647 1.645 2.002
5.727 3.896 1.758 2.138
5.214 3.361 1.519 1.842
4.978 3.222 1.453 1.769
5.144 3.372 1.566 1.806
5.621 3.607 1.578 2.029
5.259 3.457 1.506 1.951
5.48 3.716 1.584 2.132
5.078 3.331 1.447 1.884
5.116 3.355 1.451 1.904
5.705 3.791 1.777 2.014
5.332 3.466 1.555 1.911
4.998 3.249 1.473 1.776
5.068 3.284 1.496 1.788
5.114 3.332 1.5 1.832
5.343 3.601 1.529 2.072
5.68 3.8 1.688 2.112
5.343 3.454 1.541 1.913
5.12 3.348 1.442 1.906
5.336 3.589 1.654 1.935
5.159 3.404 1.596 1.808
4.858 3.104 1.339 1.765
5.063 3.29 1.489 1.801
5.664 3.712 1.613 2.099
5.693 3.699 1.652 2.047
5.287 3.436 1.526 1.91
5.591 3.505 1.518 1.987
5.312 3.421 1.53 1.891
5.022 3.223 1.39 1.833
5.843 3.91 1.595 2.315
5.654 3.782 1.649 2.133
5.46 3.667 1.676 1.991
5.273 3.427 1.516 1.911
5.114 3.336 1.478 1.858
5.026 3.26 1.471 1.789
5.118 3.292 1.468 1.824
5.645 3.718 1.671 2.047
5.517 3.702 1.721 1.981
5.162 3.339 1.525 1.814
5.445 3.702 1.503 2.199
5.224 3.455 1.545 1.91
5.207 3.442 1.531 1.911
5.305 3.531 1.505 2.026
5.115 3.369 1.488 1.881
5.348 3.551 1.6 1.951
5.588 3.799 1.653 2.146
5.755 3.905 1.713 2.192
5.359 3.505 1.585 1.92
5.744 3.799 1.687 2.112
5.445 3.571 1.596 1.975
5.134 3.331 1.525 1.806
5.512 3.595 1.755 1.84
5.928 3.895 1.681 2.214
5.287 3.376 1.519 1.857
5.151 3.35 1.575 1.775
5.549 3.779 1.619 2.16
5.297 3.539 1.601 1.938
5.195 3.412 1.545 1.867
5.018 3.256 1.467 1.789
5.018 3.26 1.542 1.718
5.239 3.396 1.473 1.923
5.394 3.58 1.543 2.037
5.736 3.815 1.576 2.239
5.3 3.468 1.524 1.944
5.042 3.242 1.467 1.775
5.112 3.361 1.461 1.9
5.615 3.74 1.687 2.053
5.385 3.545 1.577 1.968
5.622 3.569 1.521 2.048
5.274 3.396 1.473 1.923
5.011 3.176 1.335 1.841
5.344 3.383 1.344 2.039
5.427 3.423 1.55 1.873
5.613 3.642 1.559 2.083
